1	1976	7	28	18	24	28	5.93	9.55	24	71.67	39.27	34.2	306	41	-38	66	67	-124
2	1976	8	12	23	26	46	5.88	7.99	24	97.12	26.55	15	148	45	93	323	45	87
3	1977	1	1	21	39	46	6	1.4	18	90.67	38.22	10	322	37	127	98	61	65
4	1977	1	19	0	46	22	5.8	7.2	17	94.81	37.08	10	289	35	68	135	58	105
5	1977	1	31	14	26	19	6	1.2	18	69.79	39.85	10	296	35	99	104	55	83
6	1977	2	12	4	49	20	5.1	6.3	16	71.28	36.99	18	265	32	56	123	64	109
7	1977	2	19	6	15	27	5.1	4.8	16	78.13	31.28	10	346	37	-118	199	58	-71
8	1977	4	13	11	33	52	5.7	4.3	17	70.46	36.03	9.8	244	15	113	40	76	84
9	1977	4	18	0	13	5	5.4	1.4	17	70.41	35.99	30.5	283	24	111	81	68	81
10	1977	5	12	12	20	4	5.9	1	18	92.77	21.6	40	216	72	3	125	87	162
11	1977	6	3	1	5	26	5.3	1	17	70.92	39.62	24	128	57	145	239	61	39
12	1977	6	3	2	31	7	6.1	1.5	18	70.24	36.06	10	289	21	71	130	70	97
13	1977	7	13	8	9	19	5.5	2.5	17	67.13	29.69	15	109	75	166	203	77	16
14	1977	7	18	14	22	56	5.1	5.2	16	69.89	35.62	77.6	109	30	-47	242	69	-111
15	1977	7	23	6	57	8	5.4	1.6	17	83.59	42.2	33	299	19	118	90	74	81
16	1977	7	29	9	14	16	5.2	6.9	16	75.45	38.54	31.7	158	5	21	47	88	95
17	1977	10	13	11	32	13	5.4	1.6	17	93.16	23.27	60.8	145	41	-171	48	84	-49
18	1977	11	18	5	20	18	6.4	4.8	18	88.14	33	10	191	19	-88	9	71	-91
19	1977	12	18	16	47	21	5.9	8.6	17	77.44	39.92	15	286	27	125	68	68	74
20	1978	1	16	3	20	4	5.3	1.3	17	70.19	36.31	42.1	297	20	120	86	73	80
21	1978	2	23	23	18	37	5.1	5.4	16	94.93	23.16	22.2	331	31	44	201	69	113
22	1978	3	12	8	29	26	5.4	1.5	17	79.97	41.92	15	300	27	131	75	70	71
23	1978	3	16	2	0	6	6.1	1.8	18	66.43	29.83	39.2	104	77	-173	12	83	-13
24	1978	3	24	21	5	55	6.9	2.5	19	78.69	42.37	34.7	270	44	33	155	67	129
25	1978	4	4	0	40	35	5.9	8.4	17	82.03	33.03	10	223	59	-8	317	83	-149
26	1978	4	14	6	11	34	5	4.2	16	75.45	41.5	33	270	33	90	90	57	90
27	1978	4	21	15	22	57	6	1.4	18	70.4	36.21	48.3	197	13	116	351	78	84
28	1978	4	22	15	4	25	5.3	1	17	86.54	42.26	15	336	38	135	104	64	61
29	1978	5	6	11	16	14	5.9	7.8	17	66.2	29.8	33	101	79	-179	11	89	-11
30	1978	5	24	1	56	15	5.3	1.1	17	65.72	23.8	30	110	40	-80	277	50	-98
31	1978	7	31	11	55	45	5.5	2.1	17	81.78	35.68	10	219	28	-32	337	75	-115
32	1978	8	8	0	1	49	5.3	1	17	71.08	36.59	16.9	121	35	49	348	64	114
33	1978	10	8	14	20	8	5.9	1	18	74.29	39.48	10	246	36	27	133	74	123
34	1978	10	23	8	7	34	5.6	3	17	70.7	36.41	81.9	80	9	90	260	81	90
35	1978	11	1	19	48	38	6.6	9.6	18	72.16	39.34	15	103	58	163	202	75	33
36	1978	11	2	6	24	15	5.5	2.4	17	71.73	39.17	15	199	31	23	89	79	119
37	1978	11	2	11	15	43	5.3	1.2	17	72.72	39.9	15	79	52	140	197	60	46
38	1978	11	8	0	57	48	5.2	9	16	72.2	39.39	10	282	43	128	55	57	60
39	1978	12	10	1	30	17	5.1	5.4	16	66.05	28.59	33	270	78	-176	179	86	-12
40	1979	1	1	18	51	15	5.3	1.1	17	93.59	20.51	95	93	32	62	305	62	106
41	1979	2	7	4	18	51	5.1	5.1	16	71.79	36.69	41.6	30	41	54	254	58	117
42	1979	3	29	2	1	35	5.6	3	17	83.69	41.93	15	279	29	107	80	63	81
43	1979	3	29	7	7	25	5.8	5.7	17	97.75	32.61	12	358	75	-174	266	84	-15
44	1979	4	6	18	30	11	5.3	1.2	17	77.74	41.92	19	121	19	120	270	74	80
45	1979	4	17	17	2	6	5.2	7.8	16	74.29	39.28	97.3	235	74	15	141	76	164
46	1979	5	20	22	59	14	5.8	5.4	17	80.32	29.58	15	274	7	79	105	83	91
47	1979	5	29	0	39	55	5.3	1.3	17	95.05	24.92	8.5	109	30	134	241	69	68
48	1979	6	19	16	29	12	5	3.8	16	87.57	26.29	24	179	34	-82	350	57	-95
49	1979	6	20	11	56	22	5.4	1.6	17	70.53	36.24	13.9	283	20	72	122	71	96
50	1979	6	26	3	4	56	5.4	1.3	17	72.19	35.11	63.9	276	33	-92	99	57	-88
51	1979	7	13	23	20	15	5	3.9	16	95.59	25.13	17.1	44	28	99	215	62	85
52	1979	8	14	14	24	34	5.2	6.9	16	70.97	36.35	76.4	219	36	113	11	57	74
53	1979	8	20	3	51	2	5.7	4.9	17	70.71	37.93	38.6	269	11	91	88	79	90
54	1979	9	24	8	46	41	5.2	7.3	16	69.76	36.29	24.6	211	31	10	112	85	120
55	1979	9	28	7	46	50	5.1	5.1	16	90.45	37.81	15	129	23	42	359	75	107
56	1979	11	25	2	40	49	5.2	0.9	17	96.32	25.21	10	357	79	-175	266	85	-11
57	1979	12	2	1	37	15	5.5	1.9	17	90.09	38.55	12	255	67	20	157	72	155
58	1979	12	21	6	32	0	5.3	1.1	17	97.78	26.61	10	119	42	72	323	51	106
59	1980	2	13	22	9	39	6	1.2	18	76.76	35.9	80	281	20	66	126	72	98
60	1980	2	22	3	2	57	6.3	4	18	89.16	30.69	10	7	39	-84	180	51	-95
61	1980	3	6	21	0	19	5.4	1.4	17	91.93	36.37	10	285	59	29	180	66	145
62	1980	3	20	23	16	0	5.6	3.3	17	70.33	36.13	52.3	80	39	99	249	52	83
63	1980	4	14	10	17	18	5.5	2.2	17	69.12	36.19	17	186	53	40	69	59	135
64	1980	6	1	6	19	2	5.4	1.6	17	95.9	38.98	15	334	34	93	151	56	88
65	1980	6	22	14	38	58	5.1	5.3	16	81.59	30.1	15	28	36	-51	162	63	-115
66	1980	6	24	7	35	57	5.7	5.1	17	88.77	33.09	15	156	73	-165	62	75	-17
67	1980	7	5	20	25	30	5.4	1.7	17	77.4	41.94	15	48	51	51	280	53	128
68	1980	7	12	20	39	41	5.2	8.9	16	94.08	37.03	15	161	9	106	324	82	88
69	1980	7	29	12	23	15	5.5	2.2	17	81.11	28.96	10	278	25	89	98	65	90
70	1980	7	29	14	58	40	6.4	4.2	18	81.092	29.598	16	266	26	75	102	65	97
71	1980	7	29	14	58	51	6.5	8.3	18	80.95	29.42	22.3	290	21	91	108	69	89
72	1980	7	31	19	3	8	5.2	7.1	16	74.31	39.41	10	261	37	82	91	53	96
73	1980	8	23	21	36	55	5.5	2.3	17	75.37	32.59	15	293	10	63	140	81	95
74	1980	8	23	21	50	5	5.5	2.6	17	75.4	32.49	15	298	12	82	126	78	92
75	1980	9	19	9	30	33	5.4	1.5	17	70.64	36.28	6.7	208	19	26	94	82	107
76	1980	10	7	9	32	16	5.8	5.7	17	82.06	35.76	15	192	39	-53	328	60	-116
77	1980	11	6	1	34	30	5.7	3.9	17	86.22	43.89	20	82	18	66	287	74	97
78	1980	11	19	19	0	55	6.2	3	18	89.05	27.42	44.1	209	51	-2	301	89	-141
79	1980	11	20	18	14	15	5.2	7.8	16	94.49	22.69	20	208	19	131	345	76	78
80	1980	12	6	2	45	32	5.2	7.8	16	78.56	40.37	15	256	20	126	38	74	78
81	1981	1	10	13	14	55	5.4	1.5	17	71.36	36.35	41.5	289	25	139	57	74	71
82	1981	2	9	23	13	15	5.3	1.2	17	86.98	36.53	10	222	30	-53	1	67	-109
83	1981	3	3	5	52	39	5.4	1.4	17	72.5	39.14	15	93	44	-177	1	88	-46
84	1981	4	25	11	32	27	5.7	3.9	17	95.52	24.99	52.9	135	44	80	329	47	99
85	1981	4	28	17	54	19	5.4	1.9	17	70.53	36.47	88.3	94	16	108	255	74	85
86	1981	5	1	4	8	13	4.9	3.3	16	94.64	23.32	99.1	247	22	21	137	82	111
87	1981	5	2	16	5	2	6.5	6.1	18	70.99	36.8	28.1	277	41	110	72	52	73
88	1981	6	9	22	8	27	6	1.4	18	91.28	34.21	10	76	81	-3	166	87	-171
89	1981	6	13	7	29	17	5.6	3	17	67.74	36.19	15	107	34	157	216	77	59
90	1981	6	30	21	55	57	4.9	2.8	16	95.45	23	10	7	40	142	128	67	57
91	1981	7	8	3	59	1	5.4	1.4	17	70.24	36.13	33.5	304	22	129	83	73	76
92	1981	8	14	6	9	39	5.2	0.9	17	98.51	25.61	10	153	46	-141	33	63	-52
93	1981	8	16	18	55	45	5.1	4.9	16	97.02	25.53	37	298	66	-7	30	83	-156
94	1981	9	12	7	15	58	6.1	2	18	73.48	35.22	10	107	36	79	300	54	98
95	1981	11	1	9	22	39	5.2	8.6	16	70.47	36.15	11.7	328	30	118	116	64	75
96	1981	11	23	21	30	30	5.7	4.2	17	70.28	35.91	13.7	325	7	95	139	83	89
97	1981	12	5	10	12	10	5.4	1.4	17	69.47	29.48	15	127	69	-170	33	81	-21
98	1982	1	22	4	30	4	5.5	2.5	17	89.79	30.87	10	139	36	-132	7	64	-64
99	1982	1	23	17	37	30	6.2	2.9	18	82.246	31.696	17	212	52	-49	338	53	-130
100	1982	1	23	17	37	36	6.3	3.5	18	82.24	31.71	10	17	38	-58	160	59	-112
101	1982	2	22	17	59	57	5.2	8.7	16	73.4	35.15	15	123	43	76	322	48	103
102	1982	3	7	12	24	7	5.6	3.3	17	72.59	37.8	46.1	351	64	-23	92	70	-152
103	1982	5	6	15	42	27	5.7	4.8	17	71.42	40.26	15	112	38	126	249	60	65
104	1982	7	1	10	43	27	5.2	7.2	16	70	36.13	81.9	285	40	55	147	58	116
105	1982	7	2	7	3	51	5.3	1.3	17	70.86	36.01	34.6	105	30	17	0	81	119
106	1982	9	29	4	24	18	5.5	2	17	73.11	37.34	10	180	46	-69	331	48	-111
107	1982	10	31	18	40	57	5.4	1.4	17	82.36	36.07	10	215	45	-15	315	80	-134
108	1982	11	20	7	58	47	5.7	5.1	17	70.35	34.46	10	259	28	109	57	63	80
109	1982	12	16	0	40	48	6.4	5.2	18	69.011	36.148	13	231	45	103	32	46	77
110	1982	12	16	0	40	54	6.4	5.3	18	68.71	36.2	12	218	43	113	9	51	70
111	1982	12	31	19	46	49	5.3	1	17	77.01	42.75	15	274	26	124	57	69	75
112	1983	1	25	20	6	37	5.3	1.2	17	70.26	36.16	84.3	62	25	77	256	66	96
113	1983	2	13	1	40	10	6.2	2.6	18	75.135	39.945	21	234	83	-1	324	89	-173
114	1983	2	13	1	40	17	6.2	2.7	18	75.11	39.94	15	230	60	-7	323	84	-149
115	1983	2	26	20	7	51	5.3	1	17	70.16	38.93	10	216	44	86	42	46	94
116	1983	2	27	20	33	6	5.2	8.6	16	78.15	32.29	10	192	71	-7	284	83	-160
117	1983	3	3	3	32	19	5.3	1.2	17	86.91	43.97	65.6	148	38	128	283	61	64
118	1983	3	23	12	11	25	5	4.5	16	70.63	36.99	65.8	54	29	26	301	78	116
119	1983	4	5	6	50	35	5.8	6.4	17	75.3	40.27	15	220	48	-13	319	80	-138
120	1983	4	17	23	16	39	5	4.5	16	94.19	21.86	12.3	236	26	-22	345	81	-115
121	1983	5	31	21	5	53	5	4.1	16	79.92	35.41	13	322	58	-151	216	66	-35
122	1983	8	23	12	12	19	5.2	6.8	16	94.69	24.48	47.9	297	44	58	158	54	118
123	1983	8	25	11	5	33	5.1	5.6	16	73.87	39.09	15	212	52	5	119	86	142
124	1983	8	30	10	39	34	5.7	4.2	17	94.9	25.34	68.9	161	65	159	260	71	26
125	1983	9	12	15	42	8	6.2	2.2	18	71.082	36.502	11	35	42	88	218	48	92
126	1983	9	12	15	42	11	6.1	1.8	18	70.69	36.26	12.5	64	35	101	231	55	82
127	1983	10	21	8	44	52	5.2	0.9	17	94.37	21.87	92	109	5	-151	350	87	-85
128	1983	10	30	1	45	55	5.6	3	17	71.34	36.34	33.3	107	19	145	230	79	74
129	1983	11	5	19	48	30	5.6	2.8	17	90.06	33.97	10	250	73	-7	343	83	-163
130	1983	11	16	0	54	17	5.4	1.4	17	96.38	26.58	44.4	177	58	147	286	62	37
131	1983	12	7	12	11	31	5	4.6	16	68.79	36.09	10	185	47	67	37	48	112
132	1983	12	15	10	52	59	5.1	5.7	16	87.64	43.1	56.3	165	44	132	294	59	57
133	1983	12	16	13	16	1	5.9	0.9	18	72.48	39.32	15	228	39	81	60	51	97
134	1983	12	22	5	31	48	5.5	2.6	17	69.03	34.95	15	167	48	141	286	62	49
135	1983	12	30	23	52	39	7.4	1.9	20	70.738	36.372	12	333	22	128	112	73	76
136	1983	12	30	23	52	59	7.4	1.5	20	70.41	37.17	12.2	273	18	81	103	72	93
137	1984	1	18	14	8	20	5.6	3.4	17	65.59	27.62	15	349	50	-13	88	80	-139
138	1984	1	27	13	1	40	6.1	1.6	18	71.034	36.39	71	53	39	85	239	51	94
139	1984	1	27	13	1	42	6	1.5	18	70.63	36.19	72.1	72	38	93	248	52	88
140	1984	2	1	14	22	7	6	1.1	18	70.484	34.616	20	33	50	47	268	56	129
141	1984	2	1	14	22	10	6.1	1.5	18	70.05	34.19	15	268	37	121	50	59	69
142	1984	2	15	21	57	5	5.2	6.7	16	70.44	40.49	15	278	48	127	49	53	56
143	1984	2	16	17	18	41	6.4	4.5	18	70.826	36.431	96	256	35	107	55	57	78
144	1984	2	16	17	18	44	6.4	4.6	18	70.66	36.25	4.2	266	34	114	58	60	75
145	1984	2	17	23	26	58	5.5	2.1	17	70.84	41.13	12	240	39	53	104	60	116
146	1984	2	23	15	22	49	5	4.4	16	67.43	39.91	15	274	20	106	77	71	84
147	1984	3	5	21	26	49	5.4	1.7	17	95.49	24.85	95.8	114	21	144	238	78	72
148	1984	3	22	22	14	24	5.8	5.4	17	71	36.47	76.4	270	45	106	68	47	74
149	1984	4	2	4	59	34	5.2	6.7	16	67.92	30.04	21.5	140	45	113	289	49	69
150	1984	4	19	2	53	14	5.5	2.2	17	70.78	36.42	7.6	297	37	138	63	66	61
151	1984	4	23	21	26	44	5.5	2.3	17	70.95	36.28	18.6	325	23	97	137	67	87
152	1984	5	6	15	19	18	6	1.2	18	93.42	24.33	61.3	157	69	161	254	73	22
153	1984	6	2	10	32	17	5.1	5.8	16	70.55	36.72	14.8	227	49	35	112	64	133
154	1984	7	1	10	12	20	5.6	3.1	17	70.906	36.471	96	243	17	114	38	74	83
155	1984	7	1	10	12	19	5.6	2.7	17	70.62	36.12	99.1	264	21	144	28	78	73
156	1984	7	3	0	58	16	5.5	1.9	17	69.3	36.12	20.2	63	27	131	198	70	71
157	1984	8	22	18	0	58	5.8	5.8	17	70.21	35.76	38.3	316	20	113	112	72	82
158	1984	10	2	3	19	41	5.3	1.1	17	66.45	26.96	12.6	191	76	0	281	90	-166
159	1984	10	26	20	22	21	6.1	1.5	18	71.328	39.155	11	36	54	42	278	57	136
160	1984	10	26	20	22	24	6.1	1.9	18	71.03	38.99	12	37	77	9	305	81	167
161	1984	11	28	10	29	21	5.6	3	17	97.085	26.697	27	140	36	156	249	76	56
162	1984	11	28	10	29	29	5.7	3.8	17	96.96	26.52	16	311	49	17	210	77	138
163	1984	12	30	23	33	45	6	1.3	18	92.99	24.75	1.8	352	46	123	129	53	61
164	1985	4	21	13	21	33	5.6	2.9	17	87.18	35.72	10	246	50	0	155	90	140
165	1985	4	24	6	47	51	5.2	8.8	16	95.97	25.83	56.4	324	38	58	182	58	113
166	1985	4	27	1	31	31	5.5	2.6	17	72.96	38.35	17.2	103	65	172	197	83	25
167	1985	5	6	3	4	28	5.9	7.5	17	70.54	30.53	15	211	14	98	23	76	88
168	1985	5	8	17	10	44	5.5	2.2	17	70.58	30.77	15	196	16	70	37	75	96
169	1985	5	20	15	11	46	5.8	5.7	17	87.16	35.58	10	156	79	175	247	85	11
170	1985	5	28	14	15	29	5.2	7.7	16	70.94	36.25	36.3	189	44	42	66	62	126
171	1985	6	15	15	17	46	5.3	1	17	83.37	34.55	10	40	61	-30	145	64	-147
172	1985	7	29	7	54	44	7.3	1.1	20	70.896	36.19	18	63	39	82	254	51	97
173	1985	7	29	7	54	57	7.4	1.5	20	70.96	36.33	98.5	52	38	72	254	54	104
174	1985	8	1	12	13	52	5.7	4.2	17	95.53	29.24	40	176	15	153	292	83	76
175	1985	8	2	7	46	53	6.3	3.5	18	70.78	36.174	9	246	31	103	51	60	82
176	1985	8	2	7	46	57	6.3	3.8	18	70.7	35.92	19.6	267	36	109	64	56	77
177	1985	8	3	11	58	18	5.1	5.3	16	70.06	35.4	24.5	82	38	88	264	52	91
178	1985	8	11	16	6	4	5.3	9.5	16	95.88	36.41	10	200	33	123	342	63	70
179	1985	8	23	8	33	4	5	4.2	16	76.46	39.31	15	308	85	175	38	85	5
180	1985	8	23	12	41	56	6.7	1.4	19	75.224	39.431	36	239	5	85	64	85	90
181	1985	8	23	12	42	12	6.9	3.3	19	75.09	39.54	15.4	315	29	159	63	80	62
182	1985	8	29	23	39	55	5.2	7.7	16	75.14	39.25	10	81	27	57	297	68	105
183	1985	9	5	18	30	26	5.5	2.2	17	98.23	25.29	60.7	14	65	177	105	87	25
184	1985	9	11	20	46	0	6.1	1.8	18	75.32	39.5	10	90	44	68	299	50	110
185	1985	10	13	15	59	51	5.8	5.6	17	69.823	40.301	13	8	47	62	226	50	117
186	1985	10	13	15	59	56	5.8	5.7	17	69.2	40.22	10	48	46	61	266	51	116
187	1986	1	10	3	46	43	5.1	6.3	16	87.09	28.6	81.4	140	46	-163	38	78	-45
188	1986	1	12	20	14	56	5.6	3.5	17	69.41	34.04	15	205	36	-18	310	79	-125
189	1986	1	14	3	3	35	5.5	2.3	17	71	35.97	56.8	229	40	145	348	69	56
190	1986	2	8	0	28	59	5.4	1.5	17	93.09	23.79	33	224	62	-15	321	77	-152
191	1986	2	19	17	34	30	5.3	1.1	17	91.18	24.89	18	340	50	180	70	90	40
192	1986	3	11	23	7	40	5.5	2.2	17	70.34	36.36	7.6	264	15	86	89	75	91
193	1986	4	25	16	12	35	5.4	1.6	17	77.07	39.83	15	48	45	45	283	60	125
194	1986	4	26	0	26	2	5.1	4.8	16	94.92	23.31	29.2	87	30	136	217	69	67
195	1986	4	26	7	35	20	5.5	2.3	17	76.06	31.59	15	299	19	58	153	74	100
196	1986	4	26	14	15	9	5.9	8.1	17	71	36.29	86.9	260	27	129	38	69	72
197	1986	5	15	14	38	12	5.2	0.9	17	69.11	29.54	15	278	27	154	31	79	65
198	1986	5	24	15	31	53	5	3.4	16	68.69	35.99	17	301	43	57	163	55	117
199	1986	6	20	17	12	46	6.1	1.6	18	86.847	31.24	16	146	85	178	236	88	5
200	1986	6	20	17	12	51	6	1.4	18	86.77	30.82	15	51	78	-4	142	86	-168
201	1986	7	6	19	24	22	5.7	4.3	17	80.161	34.424	8	288	50	-24	35	72	-137
202	1986	7	6	19	24	29	5.9	1	18	80.15	34.24	15	263	74	-15	357	76	-164
203	1986	7	16	22	3	12	5.4	1.7	17	78.19	30.48	15	278	17	37	152	80	104
204	1986	7	17	15	46	46	5.6	2.9	17	71.13	36.47	97.2	205	46	1	114	89	136
205	1986	7	19	20	12	58	5.1	4.8	16	86.88	30.88	15	51	78	4	320	86	168
206	1986	7	26	20	24	55	5.4	1.7	17	94.19	23.86	64.9	130	72	15	36	76	162
207	1986	8	20	21	24	3	6.4	4.9	18	91.96	34.58	15	253	69	-18	350	73	-158
208	1986	9	15	21	42	29	5.5	2.6	17	71.092	36.714	77	113	63	164	210	75	28
209	1986	9	15	21	42	33	5.6	2.8	17	70.56	36.52	5.3	105	37	142	228	68	60
210	1986	9	17	12	8	16	5.5	2.6	17	71.55	37.34	35.6	301	27	4	208	88	117
211	1986	10	13	16	11	44	5.5	2.1	17	70.96	35.99	26.1	200	31	2	108	89	121
212	1986	10	16	19	54	11	5	4.2	16	66.45	27.24	46.6	1	60	28	255	66	146
213	1986	11	1	5	2	40	5.2	7	16	96.91	25.53	69.8	28	45	132	157	58	56
214	1986	12	17	8	31	29	5.5	2.2	17	71.28	36.34	20.8	205	36	100	13	55	83
215	1987	1	5	22	52	46	5.6	3.4	17	81.319	41.964	19	237	39	66	87	55	108
216	1987	1	5	22	52	50	5.7	4.1	17	81.48	41.77	15	226	21	47	90	75	104
217	1987	1	24	8	9	21	6	1.2	18	79.318	41.529	14	27	42	53	252	58	118
218	1987	1	24	8	9	24	6.1	2	18	79.31	41.26	15	268	45	107	65	47	74
219	1987	2	23	0	21	24	4.9	2.8	16	70.14	39.12	33	173	55	36	61	61	139
220	1987	2	25	19	56	45	5.8	5.8	17	91.08	38.3	15	127	36	124	267	60	68
221	1987	3	3	9	41	33	5	4.1	16	79.52	41.3	33	42	21	96	215	69	88
222	1987	3	26	11	57	1	5.2	7.5	16	70.02	42.44	15	203	13	72	42	78	94
223	1987	4	2	18	45	42	5.5	2.6	17	71.156	36.104	7	91	23	-50	229	72	-106
224	1987	4	2	18	45	45	5.5	2.6	17	70.78	36.1	13.3	101	17	-52	242	76	-101
225	1987	4	30	5	17	43	5.6	3.7	17	74.67	39.67	15	113	44	86	299	46	94
226	1987	5	5	15	40	47	6.2	2.3	18	70.673	36.48	9	283	28	81	113	62	95
227	1987	5	5	15	40	52	6.2	2.3	18	70.55	36.22	7.6	300	16	96	114	74	88
228	1987	5	18	1	53	59	6.2	2.8	18	93.94	24.58	75.3	67	68	-14	163	77	-158
229	1987	6	8	13	30	36	5.1	6.5	16	75.3	39.64	15	298	27	91	117	63	90
230	1987	6	30	1	5	32	5.1	5.9	16	71.38	36.53	38.2	157	4	84	343	86	90
231	1987	8	9	21	15	10	5.6	2.7	17	83.77	29.3	34	81	43	-10	178	83	-133
232	1987	8	24	9	24	44	5.3	1	17	94.53	23.04	26.5	135	42	144	254	67	54
233	1987	9	25	23	16	34	5	3.4	16	90.34	29.47	15	201	45	-90	21	45	-90
234	1987	10	3	11	0	12	6.1	1.7	18	71.97	36.59	98.2	253	45	121	32	52	62
235	1987	12	22	0	16	39	5.5	2.1	17	89.638	41.36	11	335	28	34	214	75	114
236	1987	12	22	0	16	42	5.5	2.1	17	89.75	41.27	19	186	49	128	316	53	54
237	1988	1	6	15	31	16	5.3	9.7	16	75.5	39.01	36.7	248	30	69	92	63	102
238	1988	1	9	3	55	7	5.1	5.2	16	71.01	38.9	15	275	41	148	30	70	53
239	1988	1	25	1	12	27	5.2	0.9	17	94.87	29.8	33	37	69	159	135	71	23
240	1988	2	6	14	50	45	5.8	6	17	91.57	24.688	34	112	59	158	214	72	33
241	1988	2	6	14	50	43	5.8	6.7	17	91.66	24.05	31	239	76	9	147	82	166
242	1988	3	19	20	19	20	5.7	4.5	17	68.1	30.41	15	142	6	-7	239	89	-96
243	1988	3	26	22	58	42	5.5	1.9	17	73.234	38.309	26	120	46	-149	8	68	-48
244	1988	3	26	22	58	46	5.5	2.2	17	73.6	38.23	28.3	111	47	-155	4	72	-45
245	1988	6	3	18	26	10	5.3	1.2	17	70.28	35.82	28	216	51	30	106	67	137
246	1988	6	17	13	30	47	5.6	3.7	17	77.51	43.01	15	29	12	25	274	85	101
247	1988	7	3	8	19	21	5	4.4	16	94.36	22.22	86	133	18	-104	327	72	-85
248	1988	7	20	6	20	54	5.5	2.1	17	72.83	36.91	15	137	38	-96	324	53	-86
249	1988	8	3	5	43	17	5.5	2.4	17	70.25	35.74	10.7	79	41	52	305	59	118
250	1988	8	6	0	36	37	7.2	8.9	19	94.89	25.19	0.5	284	45	55	148	54	120
251	1988	8	6	9	3	21	6.2	2.7	18	71.043	36.461	89	94	29	111	250	63	79
252	1988	8	6	9	3	23	6.2	2.6	18	70.73	36.17	92.5	28	31	52	250	66	110
253	1988	8	12	18	58	51	5.4	1.7	17	74.2	39.82	15	293	35	83	122	56	95
254	1988	8	13	19	59	52	5	4.6	16	95.24	24.94	26	307	35	69	152	58	104
255	1988	8	20	23	9	9	6.8	2.1	19	86.616	26.755	44	217	54	-10	312	82	-144
256	1988	8	20	23	9	15	6.8	2.3	19	86.64	26.52	34.7	230	23	2	137	89	113
257	1988	8	21	13	16	23	5.2	6.8	16	95.89	24.94	93.8	67	49	28	318	69	136
258	1988	9	3	12	52	56	4.9	2.4	16	97.38	29.95	15	248	35	-106	88	57	-79
259	1988	9	23	4	46	44	5.1	5.4	16	74.47	39.66	15	106	23	64	313	69	101
260	1988	9	25	20	52	22	5.5	2	17	71.64	37.51	44.5	134	75	-179	43	89	-15
261	1988	9	25	21	28	8	5.9	8.6	17	70.46	36.29	21.2	295	20	94	111	71	89
262	1988	9	26	7	17	0	5.4	1.5	17	71.45	36.03	14.9	214	29	134	346	70	69
263	1988	10	23	11	43	10	5.1	5.2	16	94.67	20.74	45.6	168	27	-58	313	68	-105
264	1988	10	26	2	15	14	5.3	1	17	70.37	35.76	15.2	75	60	156	178	69	32
265	1988	10	29	9	11	0	5.2	7.5	16	85.73	27.39	18	309	30	109	106	62	79
266	1988	11	5	2	14	30	6.2	2.2	18	91.88	34.354	4	136	43	80	329	48	99
267	1988	11	5	2	14	40	6.2	2.6	18	91.7	34.17	15	158	67	171	251	81	24
268	1988	11	25	22	29	44	5.5	2.6	17	91.77	34.29	15	262	60	7	169	84	150
269	1988	12	14	11	46	6	5.3	1.2	17	71.56	39.72	15	3	51	127	133	52	54
270	1989	2	3	17	50	10	5.4	1.5	17	90.13	29.74	15	221	77	-9	313	82	-166
271	1989	2	12	7	55	56	5.3	9.5	16	96.83	26.18	33	295	60	24	193	69	148
272	1989	3	1	3	25	10	5.7	5.1	17	98.3	21.61	58.1	73	79	9	341	82	169
273	1989	4	3	19	39	37	5.6	2.7	17	94.81	25.15	85.3	71	81	-8	163	82	-171
274	1989	4	9	2	31	42	5.1	6.4	16	89.94	28.74	15	330	43	-119	187	53	-65
275	1989	4	13	7	25	37	5.4	1.7	17	91.71	24.25	33	291	6	20	181	88	96
276	1989	5	13	23	19	47	5.3	1	17	91.65	35.69	15	248	66	2	157	88	156
277	1989	6	12	0	4	9	5.7	4.3	17	89.763	21.861	18	349	46	163	92	78	46
278	1989	6	12	0	4	16	5.8	5.8	17	89.88	22.13	15	354	67	164	90	75	24
279	1989	7	15	0	9	24	5.5	2.5	17	93.94	22.91	39.4	111	44	159	217	75	48
280	1989	7	24	3	27	48	5.9	8.4	17	71.069	36.085	78	284	51	164	25	77	40
281	1989	7	24	3	27	52	5.9	1	18	71.28	35.78	5	238	36	124	18	61	68
282	1989	9	24	10	55	25	5.3	1.2	17	94.75	20.22	44	83	59	145	192	61	36
283	1989	12	2	19	44	33	5.3	1.1	17	93.89	21.62	44.6	196	42	-50	328	59	-120
284	1989	12	8	0	4	33	5.4	1.7	17	93.78	21.54	15	213	38	-31	328	71	-124
285	1990	1	9	18	51	29	6.3	3.8	18	95.241	24.753	19	98	13	106	261	78	86
286	1990	1	9	18	51	36	6.3	3	18	94.95	24.42	29.6	140	32	139	267	69	64
287	1990	1	14	3	3	19	6	1.1	18	91.971	37.819	14	94	41	116	241	54	69
288	1990	1	14	3	3	30	6	1.1	18	92.1	37.6	15	72	45	41	310	63	127
289	1990	2	5	5	16	46	6.2	2.8	18	71.25	37.047	20	114	44	121	254	53	64
290	1990	2	5	5	16	53	6.2	2.8	18	70.84	36.56	13.5	121	48	142	239	63	49
291	1990	3	4	19	46	19	5.9	8.4	17	66.331	28.925	30	114	45	147	229	67	50
292	1990	3	4	19	46	23	6	1.4	18	66.16	28.66	28	278	78	-176	187	86	-12
293	1990	3	5	20	47	0	6.1	2	18	73.021	36.907	22	169	30	-57	311	65	-108
294	1990	3	5	20	47	6	6.1	2	18	72.85	37.04	17.5	192	36	-46	322	65	-117
295	1990	3	6	18	7	8	5.4	1.5	17	72.84	37.18	33	195	33	-41	321	69	-116
296	1990	3	6	21	39	53	5.1	6.4	16	73.08	37.2	17.4	347	45	-100	182	45	-80
297	1990	3	8	18	57	5	5.2	7.7	16	96.61	25.11	56.5	32	73	173	124	84	18
298	1990	3	29	16	19	21	5.3	1.3	17	73.09	39.04	22	276	56	178	6	89	34
299	1990	4	2	19	6	17	5.1	5.7	16	68.36	33.06	15	348	54	-16	87	77	-142
300	1990	4	17	1	59	33	6	1.1	18	74.9	39.436	8	126	66	166	221	78	25
301	1990	4	17	1	59	35	6	1.2	18	74.78	39.29	15	118	68	156	218	68	24
302	1990	4	19	22	41	34	5.3	1.1	17	69.52	34.16	33	96	64	-174	3	85	-26
303	1990	4	27	5	29	30	5.5	2.3	17	66.46	28.7	15	358	57	8	264	84	147
304	1990	5	15	14	25	20	5.9	9.8	17	70.428	36.043	9	230	33	58	87	63	109
305	1990	5	15	14	25	24	6	1.2	18	70.09	35.44	13.1	216	36	48	84	64	116
306	1990	5	17	13	21	12	5.7	4.7	17	74.58	38.12	15.7	297	65	179	28	89	25
307	1990	6	2	0	32	42	5.2	8	16	93.28	32.2	15	43	44	-44	168	61	-125
308	1990	6	17	4	51	45	6.1	1.8	18	65.719	27.398	7	207	45	15	106	80	134
309	1990	6	17	4	51	44	6.1	1.8	18	65.25	26.75	15	210	63	15	114	77	153
310	1990	6	17	17	17	49	5.5	2.5	17	65.62	27.34	15	115	56	173	209	85	34
311	1990	7	5	1	9	22	5.3	1.2	17	68.93	37.45	15	190	36	-5	284	87	-126
312	1990	7	13	14	20	50	6.3	3.8	18	70.61	36.68	17.1	283	17	93	100	73	89
313	1990	7	26	6	53	56	5.9	7.7	17	65.508	27.247	11	135	66	171	229	82	25
314	1990	7	26	6	54	2	5.9	7.6	17	65.81	27.44	15	209	63	2	118	88	153
315	1990	8	14	0	50	39	5.5	1.9	17	65.8	26.93	15	287	71	-170	194	80	-19
316	1990	9	3	2	41	3	5.2	9.2	16	70.45	36.38	8.2	298	12	103	104	78	87
317	1990	9	8	19	33	20	5.5	2.1	17	66.23	27.55	15	197	75	12	104	78	165
318	1990	10	24	23	38	15	5.2	6.9	16	83.99	43.79	15	106	48	141	224	62	49
319	1990	10	25	4	54	5	5.8	6.6	17	70.74	35.19	35.7	260	34	113	53	59	75
320	1990	11	3	16	39	58	5.4	1.5	17	71.01	39.15	15	215	33	67	61	60	104
321	1990	11	12	11	19	48	5.1	6.1	16	71.17	35.92	27.4	223	23	103	29	68	85
322	1990	11	12	12	28	51	6.4	5.2	18	78.071	42.959	19	114	82	175	205	85	8
323	1990	11	12	12	28	58	6.3	3.3	18	78.24	43.18	15	211	65	23	111	70	154
324	1990	11	14	18	45	5	5.5	2.5	17	65.84	27.45	28.7	97	59	151	203	66	35
325	1990	12	1	18	9	31	5.2	8.3	16	73.41	40.62	32	218	43	37	100	66	127
326	1990	12	20	7	3	11	5.6	2.9	17	70.48	38.03	76.9	1	83	-2	91	88	-173
327	1991	1	5	14	57	11	6.9	2.4	19	95.901	23.613	12	3	62	-153	259	66	-31
328	1991	1	5	14	57	24	6.9	3.1	19	96.18	23.61	20.9	2	68	166	97	77	23
329	1991	1	31	23	3	33	6.7	1.4	19	70.423	35.993	18	224	52	45	102	56	132
330	1991	1	31	23	3	45	6.8	2.2	19	70.23	36.01	26.1	247	17	68	90	74	97
331	1991	2	23	12	33	24	5.5	1.9	17	70.48	35.9	46.3	8	12	30	249	84	101
332	1991	2	25	14	30	34	6	1.3	18	79.2	40.34	15	242	40	85	68	50	94
333	1991	3	23	0	36	47	5.2	8.1	16	70.43	35.86	9.2	265	21	38	139	77	107
334	1991	4	15	10	49	3	5.3	1.3	17	71.54	36.12	27.8	39	44	33	284	68	129
335	1991	4	16	9	56	7	5.2	7.7	16	71.18	36.03	51.4	300	32	138	68	69	65
336	1991	4	18	9	18	27	5.5	2	17	67.68	37.28	15	153	20	56	8	73	102
337	1991	4	26	22	24	4	5.2	7.9	16	70.35	38.87	33	193	43	46	66	60	123
338	1991	4	27	9	51	9	5.1	5.1	16	69.94	35.93	21.9	112	37	111	267	56	75
339	1991	5	11	2	15	22	5.4	1.4	17	93.25	23.42	73.6	159	77	171	251	81	13
340	1991	7	14	9	9	15	6.6	1.1	19	70.74	36.12	28.3	287	42	118	72	54	68
341	1991	8	20	8	46	44	5.3	9.5	16	72.08	37.46	41.7	45	2	93	222	88	90
342	1991	10	19	21	23	14	6.8	1.8	19	78.774	30.78	19	18	38	172	115	85	52
343	1991	10	19	21	23	21	6.8	1.8	19	78.24	30.22	15	317	14	115	112	78	84
344	1991	11	8	15	13	47	5.4	1.4	17	70.7	26.47	22	56	43	46	289	61	123
345	1991	12	4	3	27	30	5.5	2	17	93.83	24.19	70	245	68	11	151	79	157
346	1991	12	20	2	6	10	5.3	1.2	17	93.08	24.47	0.8	258	54	30	150	66	140
347	1992	1	4	3	35	23	5.4	1.6	17	69.94	31.66	29	180	18	71	20	73	96
348	1992	1	20	8	58	24	5.5	2	17	65.93	27.37	15	99	72	170	192	80	18
349	1992	1	21	22	8	0	5.4	1.5	17	67.49	26.9	15	15	44	75	216	48	104
350	1992	1	24	5	4	52	5.4	1.7	17	74.45	35.13	3.4	268	86	0	358	90	-176
351	1992	2	5	23	10	49	5.5	2	17	66.92	31.42	15	299	87	-177	209	87	-3
352	1992	3	25	22	32	34	5.1	6.5	16	95.2	24.18	19.7	272	30	43	143	70	113
353	1992	3	27	0	5	25	5.6	2.8	17	94.52	21.12	86.2	159	12	-85	334	78	-91
354	1992	3	28	10	17	45	4.9	3	16	67.36	26.75	15	3	33	91	182	57	89
355	1992	4	5	7	47	58	5.7	4.1	17	80.75	36.17	17	62	52	-11	159	81	-141
356	1992	4	15	1	32	11	5.7	4.1	17	94.57	23.96	42.5	281	45	56	145	54	120
357	1992	4	24	7	7	23	6.2	2.2	18	66.065	27.55	33	352	69	22	254	69	158
358	1992	4	24	7	7	27	6	1.3	18	65.97	27.47	15	102	60	156	205	69	32
359	1992	5	10	4	4	33	5.8	5.8	17	72.59	37.29	15	186	45	-55	321	55	-120
360	1992	5	20	12	20	32	6.2	2.7	18	71.317	33.377	7	319	28	164	63	83	63
361	1992	5	20	12	20	35	6	1.4	18	71.27	32.95	15	237	5	79	68	85	91
362	1992	6	15	2	48	56	6.3	3.1	18	95.932	24.027	15	8	67	-179	278	89	-23
363	1992	6	15	2	49	2	6.3	3.1	18	96.03	23.95	22.9	8	69	-173	275	83	-21
364	1992	6	27	13	21	27	5	4.1	16	81.12	35.18	33	12	30	-90	192	60	-90
365	1992	7	8	10	9	53	5.2	8	16	93.51	21.07	79	191	33	-75	353	58	-100
366	1992	7	9	21	34	3	5.3	1.1	17	90.2	20.96	30	79	59	13	342	79	148
367	1992	7	30	8	24	46	6.1	1.7	18	90.163	29.584	10	251	48	-116	107	48	-64
368	1992	7	30	8	25	0	6.1	1.8	18	90.3	29.46	15	10	42	-94	196	49	-86
369	1992	8	10	13	42	36	5.2	7	16	69.52	35.28	32.2	147	44	90	327	46	90
370	1992	8	19	2	4	37	7.2	9.1	19	73.575	42.142	7	95	39	140	218	66	59
371	1992	8	19	2	4	45	7.2	7.7	19	73.32	42.19	17	250	31	74	88	60	99
372	1992	8	28	0	50	48	5.5	2.6	17	66.69	28.43	15	118	67	179	208	89	23
373	1992	11	6	7	21	58	5	3.5	16	72.58	41.2	18.7	322	25	111	120	67	81
374	1992	11	12	20	41	8	5.6	3.2	17	70.78	36.57	87.8	269	23	144	33	77	71
375	1992	11	17	2	38	49	5.1	5.2	16	67.18	33.15	33	181	33	-114	29	60	-75
376	1992	11	22	11	42	48	5.2	7.6	16	94.51	20.43	71.4	187	29	-43	317	71	-112
377	1992	11	23	23	11	7	5.6	3.1	17	72.38	38.7	43.6	211	33	-49	345	65	-113
378	1992	12	4	11	36	36	5.5	2.6	17	72.194	37.814	27	321	21	-14	64	85	-110
379	1992	12	4	11	36	37	5.7	5.1	17	71.86	37.35	31.2	219	17	-107	56	74	-85
380	1992	12	17	17	43	12	5.1	6.6	16	68.52	37.3	28.8	172	45	114	320	49	68
381	1992	12	22	16	42	43	5.2	8.1	16	88.03	34.67	15	152	41	-139	29	65	-57
382	1992	12	24	5	9	47	5.3	1.3	17	72.23	42.45	26.1	79	35	57	297	61	110
383	1992	12	26	11	44	55	5.4	1.4	17	70.78	36.22	93.8	63	37	132	195	63	64
384	1992	12	28	8	45	44	5.1	6.3	16	67.42	26.59	33	173	33	32	56	73	119
385	1993	1	18	12	42	12	5.9	8.8	17	90.28	30.34	15	25	48	-57	161	51	-121
386	1993	3	20	14	52	10	6.2	2.5	18	87.64	28.87	15	161	46	-121	22	52	-62
387	1993	3	20	21	26	49	5.1	6	16	87.35	29.03	26.6	160	16	-106	357	75	-86
388	1993	3	25	12	28	6	5.1	5.9	16	71.07	35.72	97.1	250	41	134	18	62	59
389	1993	4	1	16	30	11	5.1	5.7	16	94	23.55	7	99	44	-169	1	83	-46
390	1993	4	8	3	49	33	5.2	7.3	16	78.15	35.81	15	269	73	-14	4	77	-163
391	1993	6	15	23	12	23	5	4.2	16	77.53	35.19	15	95	74	-13	188	78	-163
392	1993	7	23	11	50	10	5.7	3.8	17	70.81	36.51	78.6	354	48	-154	246	71	-45
393	1993	8	9	11	38	30	6.4	4.6	18	70.711	36.436	14	278	34	61	133	60	109
394	1993	8	9	11	38	37	6.3	3.4	18	70.59	36.35	9.6	290	17	89	111	73	90
395	1993	8	9	12	42	48	6.9	3.1	19	70.868	36.379	21	269	25	74	106	66	97
396	1993	8	9	12	42	58	7	3.6	19	70.47	36.48	13.7	271	24	73	109	67	98
397	1993	9	4	11	38	38	6	1.2	18	70.812	36.429	1	309	47	147	63	66	48
398	1993	9	4	11	38	42	5.9	1	18	70.51	36.16	89.7	268	24	121	54	70	77
399	1993	9	18	5	2	27	6.2	2.9	18	71.592	36.421	10	240	50	152	348	69	43
400	1993	9	18	5	2	31	6.1	1.7	18	71.8	36.48	17.6	233	48	144	349	64	48
401	1993	10	2	8	42	32	6	1.3	18	88.663	38.19	12	311	42	120	94	55	66
402	1993	10	2	8	42	38	6.1	1.6	18	88.82	38.16	15	326	42	146	82	68	53
403	1993	11	16	15	52	47	5.6	3.2	17	66.88	30.54	33	114	77	-179	24	89	-13
404	1993	11	30	20	37	26	5.6	2.8	17	76.5	39.73	19	219	74	4	128	87	164
405	1993	12	30	14	24	10	5.5	1.9	17	78.76	44.95	21	290	55	145	41	62	40
406	1994	1	2	4	12	15	5.1	5.7	16	71.46	37.3	6.1	257	31	-60	43	63	-107
407	1994	1	11	0	51	56	5.9	9.1	17	97.203	25.231	14	287	44	-64	73	52	-113
408	1994	1	11	0	52	4	6.1	1.6	18	97.4	24.8	15	106	25	-85	281	65	-92
409	1994	1	12	10	22	57	5.5	2.1	17	76.53	39.15	32	298	60	151	44	65	34
410	1994	3	5	4	3	54	5.1	5.4	16	68.33	36.61	33	148	28	97	320	62	86
411	1994	4	6	7	3	31	5.8	7.2	17	97.05	25.62	15	96	57	26	352	68	144
412	1994	5	1	12	0	35	6.1	1.6	18	67.163	36.901	22	118	41	125	255	58	64
413	1994	5	1	12	0	43	6.1	1.6	18	66.85	37.1	24	105	47	120	245	51	62
414	1994	5	1	21	17	23	5.2	6.8	16	71.63	39.12	33	1	24	60	214	69	103
415	1994	5	9	9	14	12	5	3.9	16	79.02	40.25	33	68	45	102	231	46	78
416	1994	5	29	14	11	50	6.3	4.2	18	94.16	20.556	69	224	31	-6	319	87	-121
417	1994	5	29	14	11	59	6.5	6.5	18	94.17	20.45	49.1	220	32	-8	316	86	-122
418	1994	6	29	18	22	33	5.8	5.7	17	93.673	32.567	8	13	45	-98	205	46	-82
419	1994	6	29	18	22	45	5.9	7.7	17	93.68	32.57	15	9	40	-105	208	51	-78
420	1994	6	30	0	48	38	5	4.3	16	93.76	32.53	15	346	38	-118	200	57	-70
421	1994	6	30	9	23	21	6.3	3.3	18	71.13	36.326	42	211	43	92	28	47	88
422	1994	6	30	9	23	25	6.3	3.1	18	71	36.34	53.7	216	40	97	27	51	84
423	1994	7	10	23	14	8	5.2	7.1	16	70.36	36.6	26.3	332	16	142	99	80	77
424	1994	7	23	20	58	9	5.4	1.6	17	86.51	31.04	17	142	67	171	235	82	23
425	1994	7	24	14	47	55	5.2	8.6	16	71.31	37.27	30	304	38	-18	48	79	-127
426	1994	8	3	14	59	57	5.7	5.2	17	93.981	21.514	41	121	87	178	211	88	3
427	1994	8	3	15	0	6	5.7	4.6	17	93.88	21.61	64.5	216	73	0	306	90	-163
428	1994	8	8	21	8	31	6.1	1.8	18	95.2	24.721	23	102	34	122	245	61	70
429	1994	8	8	21	8	36	6.1	1.8	18	94.97	24.76	45.6	111	34	120	257	61	71
430	1994	8	14	7	38	35	5.2	8.3	16	89.18	34.97	33	61	68	5	329	85	158
431	1994	8	23	14	18	37	5.2	0.9	17	79.37	40.37	15	85	35	134	215	66	65
432	1994	9	7	13	56	24	5.2	7.7	16	90.19	38.42	33	238	58	-6	331	85	-148
433	1994	10	21	5	6	25	5.5	1.9	17	68.97	36.5	15	352	35	38	229	69	119
434	1994	10	25	0	54	34	5.9	1	18	70.957	36.359	42	85	45	77	282	47	102
435	1994	10	25	0	54	39	5.9	7.7	17	71	36.25	58.3	272	40	110	67	53	74
436	1994	11	21	8	16	34	5.8	5.7	17	96.657	25.54	15	33	71	165	128	76	19
437	1994	11	21	8	16	40	5.9	9.2	17	96.83	25.37	42.7	34	76	179	124	89	14
438	1994	12	26	14	48	1	5.3	1.3	17	70.89	36.16	24	244	26	123	28	69	75
439	1994	12	28	3	56	22	5.1	6.6	16	90.57	35.75	33	31	25	-116	240	68	-78
440	1995	1	26	7	0	49	5.2	7.7	16	71.53	36.24	6	254	38	148	10	71	57
441	1995	1	29	1	20	15	5.3	1.1	17	71.36	37.17	30.2	107	56	162	207	75	35
442	1995	2	17	2	44	32	5.4	1.8	17	92.62	27.48	35	322	46	-172	226	84	-44
443	1995	2	20	4	12	27	5.3	1	17	70.84	39.62	27	1	71	-6	93	85	-161
444	1995	2	20	8	7	43	5.1	4.8	16	72.4	41.73	33	268	30	114	61	62	77
445	1995	5	2	11	48	12	5.5	2.2	17	84.54	43.49	18	98	57	170	194	81	34
446	1995	5	6	1	59	7	6.4	4.7	18	95.294	24.987	13	260	47	55	125	53	121
447	1995	5	6	1	59	13	6.4	4.8	18	95.02	24.83	47.7	278	39	60	135	57	112
448	1995	5	9	9	54	22	5.2	6.8	16	94.94	25	23.9	142	33	118	289	62	73
449	1995	5	16	3	35	2	5.8	7.3	17	70.893	36.455	97	47	26	75	244	65	97
450	1995	5	16	3	35	7	5.8	6.2	17	70.67	36.67	82.4	52	21	67	256	70	99
451	1995	5	31	13	51	24	5.5	2.5	17	67.84	30.8	15	74	5	-85	249	85	-90
452	1995	6	11	21	55	54	5.6	3.4	17	70.13	32.44	16	212	27	55	70	68	106
453	1995	8	17	23	14	19	5.6	2.8	17	71.129	36.443	42	248	38	138	13	66	60
454	1995	8	17	23	14	20	5.6	3.2	17	71.18	36.22	43.5	239	24	141	5	75	71
455	1995	9	26	4	39	10	5.1	6.1	16	81.4	42.02	43	246	38	77	82	54	100
456	1995	10	8	8	55	45	5.7	4.2	17	72.153	41.048	19	104	48	128	235	54	55
457	1995	10	8	8	55	53	5.7	4.3	17	71.87	41.23	20	247	40	66	98	54	109
458	1995	10	18	9	30	38	6.2	2.8	18	70.387	36.43	18	74	28	90	254	62	90
459	1995	10	18	9	30	42	6.2	2.2	18	70.45	36.18	38.4	87	25	96	261	65	87
460	1995	11	1	12	29	26	5	4.5	16	80.307	42.942	14	298	18	130	77	76	78
461	1995	11	1	12	29	29	5.2	8.7	16	80.31	42.99	15	270	13	100	80	77	88
462	1995	11	16	1	12	32	4.9	2.7	16	71.3	37.22	81	210	22	117	1	70	79
463	1995	12	18	4	57	11	5.7	4	17	97.63	34.74	33	46	81	176	137	86	9
464	1995	12	23	10	32	4	5.2	8.8	16	73.26	38.4	33	174	31	-77	339	60	-98
465	1995	12	24	9	36	12	5.1	6.2	16	78.16	37.72	33	138	23	114	293	69	80
466	1995	12	25	3	19	50	5.5	2.5	17	69.98	36.61	19.5	221	17	34	98	81	104
467	1996	1	9	6	27	59	5.4	1.4	17	85.47	44.01	33	108	23	118	258	70	79
468	1996	1	18	9	33	57	5.2	7.9	16	77.98	42.1	20.4	55	32	111	210	60	77
469	1996	3	19	15	0	26	6.1	1.5	18	76.696	39.993	19	203	34	55	63	62	111
470	1996	3	19	15	0	36	6.3	3.6	18	76.8	39.93	22.2	273	26	109	72	66	81
471	1996	4	1	8	8	6	5.2	7.6	16	73.12	31.32	91.7	98	33	101	265	58	83
472	1996	6	9	23	25	26	5.2	7.3	16	92.58	28.71	83	12	23	-117	221	69	-79
473	1996	6	21	0	32	50	5.1	5.7	16	69	28.61	33	308	62	-176	216	87	-28
474	1996	7	3	6	44	45	5.6	3.5	17	88.189	30.147	5	161	44	-109	7	49	-72
475	1996	7	3	6	44	52	5.6	3.5	17	88.32	29.77	15	172	45	-102	8	46	-78
476	1996	7	3	10	10	41	5	3.7	16	88.19	29.92	33	175	27	-83	347	63	-94
477	1996	7	24	17	23	58	5	3.9	16	68.19	36.08	35.8	27	41	78	223	50	101
478	1996	7	26	13	9	9	5.3	1.2	17	96.53	24.68	67.6	93	70	11	359	80	159
479	1996	7	27	8	45	19	5.2	7.8	16	94.85	20.8	28.9	204	60	33	96	62	146
480	1996	7	31	8	0	34	5.4	1.8	17	88.67	29.74	15	23	32	-41	150	70	-115
481	1996	8	2	11	36	16	5.2	6.8	16	67.63	29.29	33	247	24	129	25	72	74
482	1996	9	14	8	1	3	5.8	7.2	17	70.706	36.046	9	296	4	90	116	86	90
483	1996	9	14	8	1	9	5.8	7	17	70.59	35.96	27.5	230	8	23	118	87	97
484	1996	11	19	0	12	18	5.3	1.3	17	92.641	24.498	46	88	40	50	315	61	118
485	1996	11	19	0	12	21	5.3	1.3	17	93.38	24.05	53	102	34	59	317	61	109
486	1996	11	19	10	44	46	6.9	2.5	19	78.133	35.345	38	93	84	2	3	88	174
487	1996	11	19	10	44	52	6.9	2.4	19	77.86	35.45	15	180	71	170	273	81	19
488	1996	11	19	10	44	46	6.8	1.9	19	78.133	35.345	36	187	67	-177	96	87	-23
489	1996	11	20	18	9	22	5.7	5.1	17	96.23	40.23	15	101	46	59	322	52	118
490	1996	11	23	1	59	51	5	4.2	16	76.84	39	33	345	19	117	136	73	81
491	1997	1	5	8	47	25	5.4	1.6	17	80.532	29.845	14	225	26	37	101	75	112
492	1997	1	5	8	47	31	5.5	2.5	17	80.29	29.43	15	279	19	68	122	73	97
493	1997	1	9	13	43	31	5.7	4.1	17	74.284	41.026	14	287	38	105	89	53	79
494	1997	1	9	13	43	35	5.8	5.7	17	74.16	41	15	280	32	114	72	61	76
495	1997	1	21	1	48	28	5.9	7.7	17	77.26	39.51	33	315	75	-177	224	87	-15
496	1997	1	29	8	20	17	5.2	7.2	16	77.42	38.97	33	42	43	10	304	83	132
497	1997	2	9	11	28	22	5.5	2	17	95.82	35.7	15	1	70	-172	268	83	-20
498	1997	2	27	21	8	2	7	4	19	68.208	29.976	7	334	7	145	98	86	85
499	1997	2	27	21	8	13	7.1	5.2	19	68.13	29.74	15.3	298	15	122	85	77	82
500	1997	3	1	6	4	19	5.6	3.3	17	76.89	39.4	22	180	80	-173	89	83	-10
501	1997	3	4	13	3	47	5.7	4.6	17	68.79	29.422	13	132	72	-176	41	87	-19
502	1997	3	4	13	3	46	5.7	4.6	17	68.65	28.95	33	139	73	175	231	85	17
503	1997	3	20	8	50	40	5.7	4.1	17	68.022	30.136	18	337	19	176	70	89	71
504	1997	3	20	8	50	44	5.9	8.1	17	67.79	30.79	15	76	7	-91	256	83	-90
505	1997	3	21	21	4	57	5.3	1.2	17	85.02	33.15	15	35	26	-43	165	73	-110
506	1997	4	5	23	46	19	5.9	7.8	17	76.865	39.513	14	161	68	-171	67	81	-22
507	1997	4	5	23	46	22	5.9	7.7	17	76.93	39.41	33	161	78	179	251	89	12
508	1997	4	6	4	36	35	5.8	6.2	17	76.998	39.537	8	203	30	-82	14	60	-95
509	1997	4	6	4	36	38	6	1.1	18	77.03	39.52	15	253	43	-36	10	67	-127
510	1997	4	6	12	58	20	5.3	9.6	16	76.99	39.48	33	227	36	-61	12	59	-109
511	1997	4	11	5	34	42	6	1.2	18	76.941	39.527	8	21	45	-89	199	45	-91
512	1997	4	11	5	34	49	6.1	2.1	18	76.93	39.61	15	240	37	-45	9	65	-118
513	1997	4	12	21	9	15	5.3	1.1	17	77.2	39.64	16	243	48	-65	28	48	-115
514	1997	4	14	17	53	38	5.2	8.7	16	94.18	22.55	10.1	150	61	165	247	77	30
515	1997	4	15	18	19	10	5.8	5.4	17	76.992	39.634	7	55	43	-46	182	61	-123
516	1997	4	15	18	19	15	5.8	6.6	17	76.99	39.69	23	170	66	-162	73	74	-25
517	1997	5	8	2	53	14	6	1.2	18	92.25	24.894	28	254	80	1	164	89	170
518	1997	5	8	2	53	19	5.9	8.6	17	92.36	24.51	35	78	68	4	347	86	158
519	1997	5	13	14	13	45	6.4	5.9	18	70.945	36.411	89	262	34	116	51	60	74
520	1997	5	13	14	13	48	6.4	5	18	70.68	36.51	89.1	273	38	124	52	60	66
521	1997	5	21	22	51	28	5.7	5.3	17	80.041	23.083	33	279	22	123	64	72	78
522	1997	5	21	22	51	31	5.8	5.8	17	80.22	23.06	38	283	26	129	61	70	73
523	1997	5	30	17	54	54	5	4.3	16	78.06	37.18	33	117	23	91	296	67	90
524	1997	6	17	11	18	45	5.2	7.1	16	68.07	29.72	33	250	27	80	82	64	95
525	1997	6	24	9	24	51	5.1	5.5	16	77.18	39.8	33.8	345	72	-167	251	78	-18
526	1997	7	11	14	54	52	5.3	1.2	17	94.64	21.41	50.4	208	37	24	98	76	124
527	1997	7	31	15	59	39	5.2	9.1	16	93.43	23.8	41.8	330	16	40	201	80	103
528	1997	8	9	4	48	7	5.2	7.8	16	97.46	30.16	33	73	27	-90	253	63	-90
529	1997	8	13	0	1	6	4.9	2.9	16	70.55	36.32	49.3	243	47	110	35	47	70
530	1997	8	24	13	15	27	5.6	3.3	17	67.99	29.71	23	258	28	74	96	63	98
531	1997	9	7	10	15	24	5.4	1.4	17	67.795	30.041	9	315	8	128	96	84	85
532	1997	9	7	10	15	28	5.4	1.5	17	67.92	29.5	18	283	29	96	96	61	87
533	1997	10	15	20	30	58	5.2	9.1	16	81.02	35.75	33	69	49	-4	161	87	-139
534	1997	10	17	17	35	17	5.3	1.2	17	77.07	39.59	33	339	81	178	70	88	9
535	1997	11	3	2	29	56	5.5	2.2	17	85.39	28.6	33	21	31	-70	178	61	-102
536	1997	11	8	10	2	52	7.4	1.4	20	87.325	35.069	38	340	88	179	70	89	2
537	1997	11	8	10	3	3	7.5	2.2	20	86.96	35.33	16.4	79	69	2	348	88	159
538	1997	11	9	0	25	1	5.3	1.1	17	88.56	33.58	33	46	32	-60	192	62	-107
539	1997	11	21	11	23	6	6.1	1.5	18	92.702	22.212	50	161	33	169	260	84	57
540	1997	11	21	11	23	9	6.1	1.5	18	92.7	22.21	54.4	163	37	168	263	83	54
541	1997	12	13	3	41	38	5	4.5	16	68.26	29.1	36.7	246	34	47	114	66	114
542	1997	12	17	5	51	36	6.3	3.2	18	70.62	36.53	23.7	289	19	92	107	71	89
543	1997	12	30	13	43	18	5.7	4.5	17	96.609	25.384	13	124	78	-1	214	89	-168
544	1997	12	30	13	43	23	5.7	5.1	17	96.52	25.01	54.4	122	84	5	32	85	174
545	1998	2	4	14	33	21	5.9	8.7	17	70.089	37.075	17	128	78	-179	38	89	-12
546	1998	2	4	14	33	22	5.9	8.4	17	69.92	37.13	33.8	211	76	-2	301	88	-166
547	1998	2	14	0	8	9	5.5	2	17	70.94	36.36	28	281	29	107	82	63	81
548	1998	2	20	12	18	6	6.3	4.1	18	71.086	36.479	33	196	21	107	357	70	83
549	1998	2	20	12	18	10	6.3	4	18	70.88	36.5	43.7	184	15	100	354	75	87
550	1998	3	19	13	51	33	5.6	3	17	76.731	39.977	13	165	2	-3	259	90	-92
551	1998	3	19	13	51	38	5.6	3.3	17	76.88	39.94	32.7	243	23	79	75	68	95
552	1998	3	21	18	22	28	5.8	7.3	17	70.133	36.433	26	289	12	102	97	78	87
553	1998	3	21	18	22	32	5.9	8.3	17	70	36.46	36.3	259	14	78	91	76	93
554	1998	3	21	18	22	28	6	1.1	18	70.133	36.433	25	0	24	144	124	76	70
555	1998	5	2	8	36	54	5.5	2	17	95.09	24.84	27.4	132	68	156	232	68	24
556	1998	5	28	21	11	44	5.6	3.1	17	78.843	37.388	10	224	15	-167	122	87	-75
557	1998	5	28	21	11	44	5.6	3.1	17	79.06	37.55	29.3	95	9	63	302	82	94
558	1998	5	29	22	49	34	5.2	7.9	16	75.655	41.173	17	87	43	100	254	48	81
559	1998	5	29	22	49	40	5.3	1	17	75.67	41.35	31.5	238	42	62	94	54	113
560	1998	5	30	6	22	28	6.5	7.7	18	70.11	37.106	35	116	76	-177	25	87	-14
561	1998	5	30	6	22	36	6.5	7.9	18	70.08	37.38	24.1	200	79	-7	291	83	-169
562	1998	6	6	13	37	11	5.1	4.9	16	69.91	37.21	33	153	77	179	243	89	13
563	1998	6	7	0	5	35	5.2	8.1	16	77.42	41.23	33	263	18	2	171	89	108
564	1998	6	25	6	39	19	5.1	5.5	16	80.44	41.16	15.1	262	27	129	39	69	72
565	1998	6	26	1	23	55	5.1	5.5	16	69.68	30	33	269	68	156	8	68	24
566	1998	6	29	20	35	55	5.1	5.7	16	70.07	37.03	33	99	73	-170	7	81	-17
567	1998	7	12	20	52	23	5	4.2	16	68.24	29.93	15	255	15	50	116	79	100
568	1998	7	20	1	5	58	5.7	5.2	17	88.173	30.134	5	181	43	-111	29	51	-72
569	1998	7	20	1	6	7	5.7	4.8	17	88.47	29.83	15	16	32	-83	187	59	-95
570	1998	7	21	14	40	54	5	4.5	16	88.5	29.93	15.7	34	43	-90	214	47	-90
571	1998	7	28	4	51	47	5.1	6.3	16	81.58	41.93	46.9	260	42	88	83	48	92
572	1998	8	2	4	40	46	5.6	3.3	17	76.999	39.573	5	176	14	-154	61	84	-77
573	1998	8	2	4	40	46	5.6	3.3	17	77.13	39.67	15	231	30	-56	13	66	-108
574	1998	8	5	3	16	36	5.4	1.6	17	68.55	29.1	49.9	232	79	2	142	88	169
575	1998	8	25	7	41	40	5.6	3.7	17	88.109	30.079	11	144	44	-141	24	64	-53
576	1998	8	25	7	41	52	5.8	6.8	17	88.31	29.86	15	14	46	-67	162	48	-112
577	1998	8	27	9	3	36	6.3	4.2	18	77.343	39.66	15	140	83	-177	50	87	-7
578	1998	8	27	9	3	40	6.3	3.9	18	77.22	39.51	32	240	78	0	330	90	-168
579	1998	8	28	22	2	2	5	3.6	16	88.41	30.08	15	199	45	-90	19	45	-90
580	1998	9	3	6	43	6	4.9	3.3	16	77.3	39.47	31.7	234	32	-90	54	58	-90
581	1998	9	26	18	27	13	5	3.6	16	93.6	27.87	33	233	26	118	22	67	77
582	1998	9	30	2	29	59	5.1	6.1	16	88.25	29.64	33	139	32	-112	345	60	-76
583	1998	10	5	10	24	56	5.2	7.1	16	88.6	29.89	33	26	29	-77	191	62	-97
584	1998	10	16	0	5	34	5.3	1.3	17	94.683	23.743	85	213	3	-52	355	87	-92
585	1998	10	16	0	5	37	5.3	1.1	17	94.74	23.82	12.1	86	12	180	177	90	78
586	1998	10	25	20	6	4	5.1	5.4	16	68.21	36.24	41.4	192	53	36	79	62	137
587	1998	12	11	20	16	24	5.6	3.7	17	71.021	36.514	20	109	39	130	241	61	62
588	1998	12	11	20	16	27	5.6	3.1	17	70.87	36.35	40.3	126	54	136	246	56	46
589	1999	1	20	22	9	21	5	3.8	16	68.22	37.18	34.1	194	20	104	359	71	85
590	1999	1	30	3	51	5	5.4	1.4	17	88.463	41.674	17	90	42	71	294	50	106
591	1999	1	30	3	51	10	5.4	1.7	17	88.7	41.67	23.3	116	36	99	286	54	84
592	1999	2	9	17	33	12	5.3	1	17	70.1	35.8	1.7	131	23	34	9	78	109
593	1999	2	11	14	8	51	5.9	9	17	69.364	34.259	15	192	72	-1	283	89	-162
594	1999	2	11	14	8	56	6	1.3	18	68.77	34.26	33	194	66	-5	286	85	-156
595	1999	2	22	11	37	53	5	4.2	16	93.99	23.15	51	47	35	-103	242	56	-81
596	1999	3	15	10	43	1	5.4	1.7	17	82.38	41.98	17	279	19	135	52	77	76
597	1999	3	28	19	5	11	6.5	7.6	18	79.403	30.512	7	257	10	57	111	82	95
598	1999	3	28	19	5	18	6.5	7.8	18	79.21	30.38	15	280	7	75	115	83	92
599	1999	3	28	19	5	11	6.6	1	19	79.403	30.512	15	108	78	140	208	51	16
600	1999	4	5	22	32	56	5.5	2.5	17	93.96	24.5	65.1	86	62	16	348	76	151
601	1999	4	17	7	20	55	5.1	4.9	16	75.45	37.61	49.6	232	55	151	340	67	39
602	1999	5	9	21	38	11	5.3	1	17	73.21	36.75	69.2	229	49	-36	345	64	-133
603	1999	5	29	20	10	50	5.3	1.3	17	93.77	32.81	33	261	80	-3	352	87	-170
604	1999	6	1	12	49	25	5	4.6	16	70.56	36.78	76.7	354	37	-153	242	74	-56
605	1999	6	10	15	7	21	5.2	7.5	16	71.212	36.237	7	246	38	100	54	52	82
606	1999	6	10	15	7	23	5.2	8.4	16	71.34	36.13	30.2	57	38	79	251	52	99
607	1999	6	21	17	37	27	5.5	2.2	17	70.707	36.388	15	270	30	91	89	61	89
608	1999	6	26	21	54	10	5.6	2.8	17	69.444	30.098	6	15	38	43	248	65	119
609	1999	6	26	21	54	14	5.5	2.5	17	69.77	29.97	33	18	47	41	257	61	129
610	1999	6	29	0	57	58	4.9	3.2	16	69.76	30.02	33	259	45	98	68	45	82
611	1999	6	29	8	4	8	5.3	1	17	73.1	38.47	55.9	301	68	-176	209	86	-22
612	1999	6	29	23	18	5	5.6	3.5	17	71.353	36.622	84	248	40	106	47	52	77
613	1999	6	29	23	18	6	5.6	3.5	17	70.96	36.5	88.1	279	45	102	81	46	78
614	1999	7	8	16	42	15	5.3	1.2	17	72.52	37.55	67.9	36	86	3	306	87	176
615	1999	7	12	3	42	16	5.6	3	17	69.419	30.069	4	237	37	114	28	57	73
616	1999	7	12	3	42	17	5.6	3.7	17	69.66	29.9	15	269	60	152	13	66	33
617	1999	7	28	13	17	13	5.5	2	17	69.74	29.2	15	342	27	-7	79	87	-117
618	1999	8	3	12	2	35	5.1	6.5	16	69.23	36.37	24.3	193	48	16	92	78	136
619	1999	8	4	0	8	57	5.1	5.2	16	86.88	37.39	33	330	38	145	89	69	57
620	1999	10	5	17	4	50	5.2	6.7	16	91.89	25.88	33	244	68	12	149	79	158
621	1999	10	31	17	9	14	5	3.9	16	66.44	38.94	55	35	58	156	138	70	35
622	1999	11	8	16	45	43	6.5	6.7	18	71.24	36.522	26	203	31	93	20	59	88
623	1999	11	8	16	45	46	6.5	6.4	18	70.81	36.48	37.2	203	27	97	16	64	87
624	1999	12	6	7	33	15	5.2	6.9	16	76.25	42.75	32.6	237	38	81	68	52	97
625	1999	12	10	2	11	46	5.3	1.2	17	71.226	36.256	13	188	52	40	70	60	134
626	1999	12	10	2	11	48	5.3	1	17	71.07	36.06	17.6	204	52	38	87	61	135
627	1999	12	25	13	28	11	4.9	3	16	65.95	38.73	63.7	196	29	58	52	66	107
628	2000	1	1	5	24	39	5.1	5.9	16	69.72	37.15	84.6	273	82	173	4	83	8
629	2000	1	5	9	45	29	5.4	1.7	17	92.29	32.03	33	225	36	-20	332	78	-124
630	2000	1	19	7	9	33	5.9	1	18	70.379	36.372	8	86	37	80	278	54	97
631	2000	1	19	7	9	38	5.9	9.7	17	70.29	36.3	24.3	83	33	65	293	60	106
632	2000	1	26	21	38	2	5.1	6.5	16	95.72	30.79	33	95	70	11	1	80	160
633	2000	1	31	7	25	59	5.4	1.4	17	88.604	38.114	13	333	85	176	63	86	5
634	2000	1	31	7	26	1	5.4	1.5	17	88.75	38	33	347	76	167	80	77	14
635	2000	2	12	0	4	28	5.1	5.6	16	90.88	34.05	33	257	79	6	166	84	169
636	2000	4	15	9	32	38	5.2	8.2	16	95.65	32.85	33	90	68	-4	181	86	-158
637	2000	4	20	8	41	29	5.3	9.5	16	66.445	38.616	12	75	44	82	266	47	98
638	2000	4	20	8	41	32	5.2	9.3	16	66.14	38.74	15	9	43	46	242	61	123
639	2000	5	1	18	41	43	5.6	3	17	72.43	37.82	52	81	75	178	171	88	15
640	2000	5	12	23	10	29	6.3	3	18	70.657	35.975	96	332	5	-173	235	89	-85
641	2000	5	12	23	10	33	6.3	3	18	70.53	36.04	5.6	118	18	-27	233	82	-106
642	2000	5	30	19	42	35	4.9	2.7	16	71.54	36.52	90.2	243	46	151	354	69	48
643	2000	6	7	21	46	55	6.2	2.6	18	97.238	26.856	12	322	36	66	171	58	107
644	2000	6	7	21	47	0	6.3	3.7	18	97.15	26.7	37	290	38	41	166	66	120
645	2000	6	8	12	21	12	5.1	5.8	16	97.41	26.43	18.8	126	33	67	333	60	104
646	2000	6	19	22	41	49	5.4	1.4	17	77.43	35.24	40.4	179	77	-179	89	89	-13
647	2000	7	2	4	27	58	5.2	7.7	16	94.67	24.45	3.2	133	37	155	244	75	56
648	2000	7	10	4	25	15	5.3	1	17	92.202	32.795	14	227	40	-73	25	52	-104
649	2000	7	10	4	25	23	5.3	1.3	17	92.55	32.74	15	6	38	-113	214	56	-74
650	2000	7	17	22	53	47	6.3	3	18	70.924	36.283	32	307	15	147	69	82	78
651	2000	7	17	22	53	51	6.3	3.4	18	70.82	36.24	45.5	310	26	153	64	79	67
652	2000	7	28	5	22	23	5.3	1.2	17	71.011	36.53	28	356	28	76	192	63	97
653	2000	7	28	5	22	27	5.3	1.1	17	70.9	36.62	37.4	31	32	137	159	69	66
654	2000	8	8	1	15	9	5	3.6	16	76.83	41.9	33	128	43	95	301	47	85
655	2000	9	13	15	11	23	5	4.1	16	95.12	33.94	15	84	77	1	353	89	167
656	2000	10	6	12	5	41	5.4	1.6	17	97.13	24.18	72.7	144	77	166	237	77	14
657	2000	10	11	9	42	11	5.5	2.4	17	94.63	23.58	22.3	343	14	98	155	77	88
658	2000	10	30	22	39	9	5.1	5.4	16	69.22	37.47	28.7	85	28	122	230	66	74
659	2000	11	13	8	56	56	5.4	1.7	17	93.04	21.94	74	216	83	-5	307	85	-173
660	2000	11	26	2	1	53	5.3	1.3	17	89.71	36.23	29.5	298	38	14	197	82	127
661	2001	1	2	16	22	40	5.2	8.6	16	68.3	35.95	33	187	20	34	65	79	107
662	2001	1	18	8	41	43	5.3	1.1	17	66.334	38.597	9	30	40	80	223	51	98
663	2001	1	18	8	41	41	5.3	1	17	66.14	38.61	26.6	61	40	114	211	54	71
664	2001	1	26	3	16	40	7.6	2.9	20	70.232	23.419	10	283	24	124	67	70	76
665	2001	1	26	3	16	54	7.6	3.4	20	70.24	23.63	19.8	298	39	136	66	64	60
666	2001	1	26	3	16	40	7.7	3.8	20	70.232	23.419	20	283	33	115	74	60	75
667	2001	1	28	1	2	10	5.7	5	17	70.517	23.507	11	282	43	106	80	49	75
668	2001	1	28	1	2	15	5.7	5.2	17	70.61	23.61	15	286	43	111	79	51	72
669	2001	1	28	1	2	10	5.7	4.9	17	70.517	23.507	15	95	50	72	302	43	110
670	2001	1	28	11	10	44	5.3	1.3	17	70.48	23.74	15	281	24	158	32	81	67
671	2001	2	19	8	24	23	5.4	1.5	17	70.07	23.72	15	254	42	78	90	49	101
672	2001	2	25	2	21	59	6.1	1.9	18	70.881	36.424	96	66	47	66	279	48	114
673	2001	2	25	2	22	2	6.1	1.7	18	70.62	36.41	93.4	60	49	57	285	51	122
674	2001	3	3	22	56	5	5.2	7	16	93.43	23.99	64.1	140	40	-141	19	66	-57
675	2001	3	5	15	50	6	5.7	3.9	17	86.902	34.369	5	187	49	-127	56	53	-55
676	2001	3	5	15	50	14	5.9	8.6	17	86.76	34.47	15	170	64	-170	76	81	-27
677	2001	3	9	1	7	10	5.2	9.4	16	69.32	32.15	33	190	68	12	95	78	158
678	2001	4	10	22	8	23	5.2	9.1	16	94.91	25.35	48.7	8	34	28	254	75	121
679	2001	5	16	11	0	22	5.1	5.2	16	70.19	30.13	17.5	2	38	9	264	84	127
680	2001	5	22	9	15	21	5.2	8.6	16	70.95	36.41	5.9	232	44	141	352	64	54
681	2001	6	1	14	0	39	5	4	16	69.22	35	30.4	60	33	117	209	61	74
682	2001	6	30	11	48	33	5.1	6	16	70.08	30.3	33	158	61	-4	250	86	-151
683	2001	7	16	16	7	19	5.1	4.8	16	73.14	32.61	85.2	65	36	49	292	64	116
684	2001	7	24	11	40	30	5.1	5.7	16	72.19	37.58	90	196	24	-21	305	82	-113
685	2001	7	25	16	2	57	5.5	2.3	17	95.85	33.27	33	350	53	-164	251	77	-38
686	2001	8	12	1	58	0	5	4.4	16	94.99	24.43	42	285	40	48	155	61	119
687	2001	9	2	16	58	7	5.5	2	17	72.03	39.4	15	118	25	-42	248	73	-109
688	2001	9	28	4	37	58	4.9	2.6	16	75.46	33	40.5	323	32	105	125	59	81
689	2001	11	14	9	26	10	7.4	1.8	20	90.541	35.946	37	189	81	-180	99	90	-9
690	2001	11	14	9	27	15	7.8	5.9	20	92.91	35.8	15	94	61	-12	190	80	-150
691	2001	11	18	21	59	52	5.5	2.2	17	93.691	35.726	6	255	35	80	87	56	97
692	2001	11	18	21	59	59	5.6	2.7	17	93.51	35.94	15	282	40	112	74	54	72
693	2001	11	19	17	45	23	5.3	1.3	17	93.672	35.763	5	257	45	65	111	50	113
694	2001	11	19	17	45	29	5.3	1.2	17	93.52	35.83	15	100	44	90	280	46	90
695	2001	11	23	20	43	3	6.1	1.5	18	71.506	36.392	98	257	41	141	18	66	56
696	2001	11	23	20	43	6	6	1.4	18	71.5	36.43	0.1	254	45	133	22	59	56
697	2001	11	27	7	31	57	5.5	2.2	17	81.75	29.61	15	257	4	63	104	87	92
698	2001	11	27	8	53	59	5.4	1.6	17	81.49	28.91	15	280	28	73	119	64	99
699	2001	11	30	10	43	21	5.2	7.8	16	91.11	36.07	15	187	34	-149	71	74	-60
700	2001	12	1	12	25	28	5.1	5.2	16	93.93	35.58	15	254	36	-141	131	69	-61
701	2001	12	8	4	12	56	5.2	8.5	16	93.13	36.07	15	89	30	-40	216	71	-113
702	2002	1	3	7	5	27	6.1	1.9	18	70.687	36.088	18	217	22	71	57	70	97
703	2002	1	3	7	5	30	6.1	1.5	18	70.76	35.71	23	216	27	72	56	64	99
704	2002	1	9	6	45	57	5.2	8.8	16	69.29	38.89	43.8	223	22	81	52	68	94
705	2002	1	27	22	33	43	5.2	8.5	16	75.91	33.32	28.8	225	20	-11	325	86	-110
706	2002	3	3	12	8	19	7.3	1.1	20	70.482	36.502	14	301	22	94	116	68	88
707	2002	3	3	12	8	23	7.3	1.3	20	70.42	36.57	28.5	282	22	85	108	68	92
708	2002	3	22	2	2	18	4.9	2.4	16	70.4	37.48	75.7	273	83	173	4	83	7
709	2002	3	25	14	56	33	6	1.2	18	69.315	36.062	4	360	45	78	197	46	102
710	2002	3	25	14	56	41	6.1	1.6	18	69.06	36.28	15	16	39	104	177	53	79
711	2002	3	25	21	45	10	5.1	5.1	16	69.59	36.22	15	36	16	171	134	88	74
712	2002	3	27	8	52	52	5.5	2.5	17	69.338	36.023	4	28	26	136	159	72	71
713	2002	3	27	8	52	58	5.6	2.8	17	68.75	36.12	15	164	31	65	13	62	104
714	2002	4	12	4	0	23	5.7	4.8	17	69.417	35.959	4	11	42	82	201	49	97
715	2002	4	12	4	0	30	5.8	7.2	17	69.12	36.15	15	204	46	108	359	46	72
716	2002	4	12	16	26	4	5.1	4.8	16	68.8	35.89	15	157	50	30	46	67	136
717	2002	4	14	2	4	21	5.4	1.7	17	73.405	38.531	16	125	60	-157	23	70	-32
718	2002	4	14	2	4	25	5.5	2.1	17	73.38	38.41	39.7	125	64	-155	23	67	-28
719	2002	6	4	14	36	5	5.5	1.9	17	81.44	30.595	6	157	44	-137	33	62	-55
720	2002	6	4	14	36	8	5.6	3	17	81.25	30.13	15	159	49	-130	31	55	-53
721	2002	6	29	6	54	48	5.6	3	17	94.28	34.06	33	90	87	3	0	87	177
722	2002	7	13	20	6	27	5.5	2.4	17	69.979	30.797	36	69	38	109	225	54	76
723	2002	7	13	20	6	30	5.7	4.8	17	70.1	30.41	33	171	66	-10	265	81	-156
724	2002	9	3	17	26	57	5.1	6.1	16	70.56	35.78	24.4	348	41	150	102	71	53
725	2002	9	5	11	3	7	5.4	1.7	17	71.96	39.68	31.6	97	61	-179	7	90	-29
726	2002	9	27	17	14	44	5.1	5.3	16	93.49	32.95	33	172	81	-171	80	81	-9
727	2002	9	29	17	2	44	5.1	6.6	16	70.094	36.194	37	85	39	74	285	53	102
728	2002	9	29	17	2	47	5.1	6.4	16	70.16	36.63	42.8	290	43	105	90	49	76
729	2002	10	1	2	51	25	5.1	6.6	16	70.71	36.16	61.4	342	52	-147	230	65	-42
730	2002	10	16	1	31	20	5.1	5.5	16	93.16	21.16	45.9	310	43	-128	177	57	-60
731	2002	10	19	7	24	40	5.1	5.1	16	92.87	35.72	33	186	76	-166	92	76	-14
732	2002	10	26	20	28	51	5.3	1.3	17	96.14	35.18	33	11	78	176	101	86	12
733	2002	11	1	2	29	6	5	3.8	16	72.1	39.95	33	89	57	-179	358	89	-33
734	2002	11	1	22	9	33	5.3	1.2	17	74.64	35.56	33	216	42	-90	36	48	-90
735	2002	11	3	7	33	39	5.3	1	17	74.7	35.1	16.8	45	30	-69	201	62	-102
736	2002	11	20	21	32	30	6	1.1	18	74.515	35.414	5	195	40	-108	38	52	-75
737	2002	11	20	21	32	36	6.3	3.5	18	74.66	35.52	15	204	30	-117	55	64	-75
738	2002	12	14	13	27	29	5.6	3	17	97.443	39.736	4	267	41	80	101	50	99
739	2002	12	14	13	27	35	5.5	2.3	17	97.23	39.85	15	98	34	97	269	56	85
740	2002	12	25	12	57	3	5.6	3.7	17	75.254	39.57	7	332	56	165	71	78	35
741	2002	12	25	12	57	3	5.6	3.5	17	74.9	38.95	15	325	36	160	71	79	56
742	2002	12	25	19	13	42	5.4	1.6	17	69.868	35.704	89	166	2	9	67	90	92
743	2002	12	25	19	13	47	5.4	1.7	17	69.79	35.55	11.6	152	10	-17	259	87	-100
744	2003	1	4	11	7	24	5.2	8.3	16	77.11	39.72	33	341	71	-162	245	73	-20
745	2003	2	11	10	36	30	5.1	5	16	93.67	32.55	46.1	17	35	-62	164	59	-108
746	2003	2	13	17	34	27	5.3	1.1	17	85.41	44.04	45.2	73	32	64	283	62	105
747	2003	2	24	2	3	41	6.2	2.8	18	77.23	39.61	6	273	6	99	84	84	89
748	2003	2	24	2	3	53	6.3	3.7	18	77.24	39.37	24	239	33	62	92	61	107
749	2003	2	24	21	18	48	5.2	7	16	77.04	39.35	15	289	33	126	69	64	69
750	2003	2	25	3	52	48	5.3	1.2	17	77.62	39.52	15	110	77	166	203	77	14
751	2003	3	12	4	47	51	5.5	2.6	17	77.426	39.362	6	253	38	80	85	53	97
752	2003	3	12	4	47	59	5.7	4.2	17	77.32	39.29	15	245	33	73	85	58	101
753	2003	3	15	22	59	32	5	4.4	16	77.47	39.74	15	330	57	178	61	89	33
754	2003	3	25	18	51	30	5.4	1.7	17	89.82	26.92	55.8	40	70	-21	137	71	-159
755	2003	3	29	11	46	48	5.9	9	17	70.585	35.976	97	171	52	28	63	69	138
756	2003	3	29	11	46	52	5.8	6.6	17	70.44	35.77	8.8	177	52	33	65	64	138
757	2003	3	30	23	15	51	5.2	9.2	16	77.46	39.02	41.6	273	34	89	93	56	90
758	2003	4	2	3	20	4	5.2	7.2	16	70.5	35.82	19.3	143	62	14	47	78	151
759	2003	4	17	0	48	38	6.2	2.2	18	96.476	37.529	10	262	40	66	112	54	109
760	2003	4	17	0	48	46	6.3	4.1	18	96.45	37.53	16	294	29	88	116	61	91
761	2003	4	25	16	50	51	5	4.7	16	71.34	36.17	4.9	255	28	81	86	63	95
762	2003	5	4	15	44	36	5.8	5.7	17	77.39	38.86	15	308	53	-179	218	89	-37
763	2003	5	5	6	34	47	5.1	5.9	16	72.24	40.97	46	271	37	106	71	55	78
764	2003	5	20	18	34	43	5.1	6.2	16	93.23	32.53	33	40	31	-38	164	72	-115
765	2003	5	22	18	11	57	5.5	2.2	17	72.78	42.81	27.6	62	46	34	307	67	131
766	2003	5	24	11	28	2	5	4.6	16	92.29	32.16	33	349	17	-80	158	73	-93
767	2003	5	24	19	32	43	5	4.5	16	92.36	32.59	33	352	28	-103	186	62	-83
768	2003	5	29	14	18	56	5	4.1	16	80.38	35.87	33	88	23	45	315	74	107
769	2003	6	4	16	28	47	5.2	7.1	16	77.69	39.66	15	90	36	87	274	54	92
770	2003	7	7	6	55	43	5.5	2.1	17	89.475	34.606	5	201	43	-91	23	47	-89
771	2003	7	7	6	55	54	5.8	5.8	17	89.59	34.67	33	60	81	-6	151	84	-171
772	2003	7	26	23	18	17	5.6	3.2	17	92.306	22.854	11	300	41	70	145	52	106
773	2003	7	26	23	18	24	5.6	3.5	17	92.31	22.9	15	338	32	82	168	59	95
774	2003	7	27	12	7	33	5.4	1.7	17	92.34	22.83	15	2	16	88	184	74	91
775	2003	8	5	11	8	4	5	3.4	16	70.43	23.69	15	221	24	68	65	68	100
776	2003	8	18	9	3	3	5.4	1.8	17	95.605	29.573	9	67	77	-11	159	79	-167
777	2003	8	18	9	3	9	5.5	2.3	17	95.91	29.26	33	65	77	-6	156	84	-167
778	2003	9	1	23	16	35	5.6	2.7	17	75.325	38.599	7	148	45	-111	357	49	-70
779	2003	9	1	23	16	41	5.7	4.3	17	75.32	38.71	15	107	47	-153	358	71	-46
780	2003	9	26	23	35	42	5.3	1.3	17	77.05	40.2	15	290	13	58	143	79	97
781	2003	11	10	14	45	57	5.1	4.9	16	68.2	41.06	15	121	27	86	306	63	92
782	2003	12	1	1	38	31	5.8	6.9	17	80.515	42.905	8	251	26	90	71	64	90
783	2003	12	1	1	38	37	6	1.1	18	80.5	42.93	15	281	14	122	69	78	83
784	2004	1	16	9	6	22	4.9	2.4	16	75.39	42.65	30.2	267	42	90	88	48	90
785	2004	2	10	5	39	44	4.9	2.6	16	83.42	32.6	28.8	351	37	-116	203	58	-72
786	2004	2	14	10	30	22	5.5	1.9	17	73.216	34.774	8	127	42	82	318	49	97
787	2004	2	14	10	30	28	5.4	1.6	17	73.22	34.75	12	111	49	57	336	51	122
788	2004	2	14	11	56	57	5.3	1.2	17	73.206	34.798	9	310	44	98	119	46	82
789	2004	2	14	11	57	3	5.3	1.1	17	73.12	34.78	19	339	40	119	123	56	68
790	2004	2	15	23	23	10	4.8	1.7	16	78.58	36.6	21.6	291	32	-74	92	59	-100
791	2004	2	23	15	38	46	5.1	5	16	71.57	37.47	19.2	339	25	20	230	82	113
792	2004	2	24	20	21	52	5	4.5	16	96.61	37.66	23	141	87	-179	51	89	-3
793	2004	3	2	12	30	23	4.9	2.4	16	96.52	37.61	21.1	100	41	93	276	49	87
794	2004	3	6	11	54	43	5	4.1	16	92.13	33.26	12	195	46	-131	66	57	-56
795	2004	3	7	13	29	49	5.6	2.7	17	91.33	31.6	20.7	326	80	-173	235	83	-10
796	2004	3	12	22	45	19	5.7	5	17	70.774	36.397	15	312	44	112	102	50	70
797	2004	3	12	22	45	19	5.6	3.6	17	70.6	36.38	15.2	277	23	106	80	68	83
798	2004	3	16	21	23	19	5.2	6.8	16	96.668	37.558	19	38	33	64	249	60	106
799	2004	3	16	21	23	24	5.1	5.1	16	96.56	37.6	13	127	42	116	274	53	69
800	2004	3	21	10	34	57	5.3	1	17	73.15	38.79	11.1	47	67	17	310	74	156
801	2004	3	27	0	43	10	5	3.7	16	68.99	40.15	27.3	66	26	58	280	68	104
802	2004	3	27	18	47	29	6	1.1	18	89.179	33.954	5	212	38	-85	25	53	-94
803	2004	3	27	18	47	35	6	1.1	18	89.35	34	12	187	44	-105	28	48	-76
804	2004	3	27	20	5	57	5	3.9	16	89.19	33.87	18.4	44	36	-49	176	64	-115
805	2004	3	28	22	5	46	5.2	7.1	16	89.37	34.07	17.7	51	62	-30	156	64	-149
806	2004	3	28	22	27	31	5.1	5.3	16	89.28	33.91	16.9	46	50	-39	164	61	-132
807	2004	4	5	21	24	4	6.5	7.5	18	71.029	36.512	78	293	27	135	64	71	70
808	2004	4	5	21	24	4	6.5	6.3	18	70.84	36.52	83.5	290	28	139	58	72	68
809	2004	4	6	10	30	37	5.1	4.8	16	89.25	33.83	12	174	49	-123	39	51	-58
810	2004	4	22	10	2	21	5.2	7.5	16	89.33	33.88	17.7	36	49	-50	165	54	-126
811	2004	4	30	14	11	22	4.9	2.4	16	71.1	37.5	73.2	240	67	23	141	69	155
812	2004	5	4	5	4	58	5.5	2	17	96.758	37.506	14	227	83	-5	318	85	-173
813	2004	5	4	5	5	0	5.3	1.3	17	96.65	37.6	18.6	145	83	175	236	85	7
814	2004	5	4	11	36	5	5.2	7.7	16	96.62	37.61	21.6	140	87	-178	50	88	-3
815	2004	5	7	6	52	15	5.1	6.1	16	70.98	36.28	30.8	313	78	-170	221	80	-12
816	2004	5	10	23	27	25	5.6	2.9	17	96.604	37.485	7	237	39	45	110	64	120
817	2004	5	10	23	27	30	5.5	2.3	17	96.58	37.55	12	272	33	69	116	59	103
818	2004	5	13	4	0	49	5.1	4.8	16	68.34	29.31	12.4	278	12	95	93	78	89
819	2004	5	16	22	6	42	5.1	5.8	16	71.18	36.47	21.4	37	42	34	280	68	127
820	2004	5	23	2	21	6	4.8	2.2	16	89.36	34.05	12	349	50	-128	220	53	-54
821	2004	5	23	2	22	18	4.9	2.5	16	89.42	34.1	12	0	41	-114	211	53	-70
822	2004	5	23	7	38	12	5.3	1.1	17	89.42	34.04	12	152	65	-160	53	72	-26
823	2004	5	23	14	46	27	4.8	2.2	16	89.29	33.87	12.1	54	56	-27	160	68	-143
824	2004	5	24	22	1	2	4.9	3	16	97.21	27.06	26.5	339	45	107	136	48	74
825	2004	6	6	21	39	13	4.8	1.7	16	94.64	43.3	36.7	168	42	142	288	66	55
826	2004	6	29	8	11	31	5.3	1.1	17	92.54	35.75	17.1	93	63	-15	190	76	-152
827	2004	7	3	14	10	50	5.2	9	16	89.41	34.09	13.6	55	65	-24	155	69	-154
828	2004	7	11	23	8	44	6.2	2.2	18	83.672	30.694	8	162	45	-103	1	46	-77
829	2004	7	11	23	8	50	6.2	2.4	18	83.78	30.56	13	359	45	-74	156	47	-106
830	2004	7	15	8	18	31	5.4	1.5	17	70.48	35.89	50.7	126	54	19	25	74	143
831	2004	7	18	8	31	48	5.2	6.7	16	69.63	33.43	17.2	217	71	-16	312	75	-160
832	2004	8	10	1	47	32	6	1.1	18	70.796	36.444	98	279	25	80	110	65	95
833	2004	8	10	1	47	35	6	1.2	18	70.6	36.52	5.7	277	20	74	114	71	96
834	2004	8	13	10	48	42	5.3	1.2	17	69.92	30.76	12.4	186	54	12	89	80	144
835	2004	8	24	10	5	34	5.4	1.4	17	92.19	32.542	11	10	39	-111	217	54	-74
836	2004	8	24	10	5	39	5.5	2.3	17	92.28	32.5	12	52	49	-30	163	68	-135
837	2004	9	27	17	5	40	4.9	3.3	16	95.7	29.78	31.1	126	79	-176	35	86	-11
838	2004	10	6	5	24	29	5.3	1.1	17	70.76	36.446	2	270	20	80	101	70	94
839	2004	10	6	5	24	31	5.3	1	17	70.64	36.49	2.1	269	19	75	105	72	95
840	2004	10	7	16	14	18	4.8	2.1	16	77.51	40.38	16.9	245	14	72	83	77	94
841	2004	10	8	21	48	8	4.8	2.3	16	94.35	24.34	77.5	139	46	147	252	67	48
842	2004	10	16	18	13	41	4.9	3.3	16	70.89	36.73	99.3	277	22	101	85	69	86
843	2004	10	26	2	11	33	5.4	1.8	17	81.154	31.024	9	140	44	-107	343	49	-74
844	2004	10	26	2	11	37	5.6	3.3	17	80.97	30.88	12	112	73	-165	17	76	-17
845	2004	10	31	0	18	38	4.7	1.4	16	74.44	34.91	20.3	247	22	-92	70	68	-89
846	2004	10	31	6	2	56	4.9	3.2	16	74.37	35.2	14.7	39	74	-164	304	75	-16
847	2004	10	31	6	10	37	5.1	5	16	74.34	35.16	12	253	36	-65	42	58	-107
848	2004	11	17	7	34	32	5.1	5.1	16	71.75	39.44	25.5	195	83	4	104	86	173
849	2004	11	17	20	58	22	5.7	4.5	17	71.857	39.189	21	97	84	-175	7	85	-6
850	2004	11	17	20	58	24	5.8	6	17	71.76	39.27	23	185	88	-1	275	89	-178
851	2004	11	18	2	30	37	4.9	3.3	16	71.74	39.14	26.8	49	75	-5	140	85	-165
852	2004	11	18	21	18	58	4.8	1.7	16	71.71	39.28	12	201	63	18	102	74	152
853	2004	11	19	20	5	14	4.8	2.2	16	92.89	32.17	21.8	151	68	-162	54	73	-23
854	2004	11	21	20	45	28	5	4.2	16	71.7	39.3	74.8	322	42	-105	162	50	-77
855	2004	12	9	8	49	0	5.4	1.6	17	92.539	24.757	42	218	33	-2	310	89	-123
856	2004	12	9	8	49	5	5.3	1.3	17	92.72	24.66	39.4	243	42	32	128	69	128
857	2004	12	10	3	44	5	5	3.7	16	93.35	35.83	19.4	341	48	133	106	57	52
858	2005	1	18	3	2	56	4.8	2.2	16	94.52	22.73	88.7	271	28	31	153	76	115
859	2005	1	18	15	30	22	5.3	1	17	67.61	35.68	19.9	340	80	2	250	88	170
860	2005	2	3	20	13	32	4.9	2.6	16	95.58	26.04	78.6	286	24	-26	40	80	-112
861	2005	2	14	23	38	8	6	1.1	18	79.44	41.728	18	320	13	148	81	83	79
862	2005	2	14	23	38	13	6.1	1.7	18	79.27	41.72	23	321	10	152	79	85	81
863	2005	2	15	11	15	13	5	4.2	16	92.61	24.52	27.2	145	52	-174	52	86	-38
864	2005	2	15	13	5	53	5.2	7.9	16	94.62	24.4	60.4	276	61	28	171	65	147
865	2005	2	25	23	4	4	5.7	4.3	17	72.707	38.107	20	339	46	-45	104	60	-126
866	2005	2	25	23	4	7	5.7	3.9	17	72.4	38.18	34.4	343	45	-36	100	66	-129
867	2005	3	2	2	21	29	4.9	3	16	71.05	36.51	6.8	35	48	50	266	55	125
868	2005	3	23	5	59	10	4.9	3.2	16	95.43	26.17	79	132	42	177	225	88	48
869	2005	3	24	7	38	3	4.8	1.9	16	77.99	39.81	30.7	187	35	32	70	73	120
870	2005	3	25	13	34	43	5.2	7.5	16	94.92	25.54	83	151	65	176	243	86	25
871	2005	3	26	20	32	15	4.7	1.6	16	87.95	28.08	69.6	109	62	179	200	89	28
872	2005	4	6	8	45	2	5.1	6.1	16	78.7	41.48	29.8	288	41	107	86	51	76
873	2005	4	7	20	4	41	6.2	2.4	18	83.662	30.491	6	347	44	-96	175	46	-84
874	2005	4	7	20	4	47	6.3	3.4	18	83.77	30.24	12	170	43	-91	351	47	-89
875	2005	4	7	21	41	41	5.4	1.8	17	83.72	30.54	19.1	189	34	-54	328	63	-112
876	2005	4	8	19	51	40	5	4.5	16	83.76	30.25	19.6	177	45	-84	349	46	-96
877	2005	5	23	4	13	50	5.2	8.7	16	67.69	30.39	12	86	4	-66	242	87	-91
878	2005	6	1	4	12	39	4.9	2.8	16	89.56	35.7	21.4	343	69	-161	246	72	-22
879	2005	6	1	20	6	41	5.7	4.1	17	94.626	28.881	18	193	8	14	89	88	98
880	2005	6	1	20	6	44	5.8	7	17	94.72	28.81	19	209	6	26	93	87	95
881	2005	6	20	2	33	1	5.3	1.1	17	71.12	36.39	44.3	118	35	95	292	55	87
882	2005	6	22	7	48	23	4.8	1.7	16	69.37	36.41	23.2	78	44	150	190	70	50
883	2005	6	23	3	5	7	4.7	1.3	16	73.05	39.83	31.9	290	44	128	62	57	59
884	2005	7	1	3	48	28	5.5	2	17	71.32	36.569	79	179	67	6	86	84	157
885	2005	7	1	3	48	37	5.6	2.7	17	71.06	36.79	0.1	187	72	1	97	89	162
886	2005	7	16	2	17	20	5.2	6.7	16	69.461	30.003	5	275	24	114	69	68	80
887	2005	7	16	2	17	25	5.2	8	16	69.65	29.93	12	273	22	125	57	72	77
888	2005	7	17	1	4	47	5	3.4	16	95.09	20.8	21.6	241	36	53	105	62	114
889	2005	7	23	14	40	25	5.5	2.3	17	70.718	36.387	6	281	31	69	125	61	102
890	2005	7	23	14	40	26	5.5	2.3	17	70.65	36.4	12.9	282	25	60	135	69	103
891	2005	8	16	16	51	46	5.3	9.6	16	70.67	36.49	93.2	279	23	131	56	73	75
892	2005	8	20	12	50	48	4.9	2.8	16	88.09	31.08	96.3	89	44	74	290	48	105
893	2005	8	24	22	32	47	5	4.4	16	79.66	39.88	46.4	48	56	24	304	71	143
894	2005	8	25	21	8	13	5.3	1.2	17	79.169	36.944	8	98	40	85	285	50	94
895	2005	8	25	21	8	18	5.4	1.6	17	79.35	37.13	15	89	23	68	293	69	99
896	2005	8	26	7	45	29	5	3.6	16	71.2	36.3	12	8	50	41	249	60	132
897	2005	8	27	5	5	21	5	3.8	16	70.62	36.38	17.9	286	30	100	95	61	85
898	2005	8	31	12	45	41	5	3.8	16	68.98	36.44	22.3	93	61	169	189	80	29
899	2005	9	18	7	25	59	5.7	3.8	17	94.781	24.561	82	281	46	42	159	61	128
900	2005	9	18	7	26	1	5.7	3.8	17	94.71	24.48	5.4	271	54	38	156	60	138
901	2005	9	23	5	0	58	4.8	2.2	16	82.46	41.97	12	105	37	111	260	56	75
902	2005	9	26	16	41	2	5	4.1	16	69.6	38.59	12	212	40	-103	49	51	-79
903	2005	9	26	21	49	44	5.1	4.9	16	69.63	38.88	15	60	32	-51	197	65	-111
904	2005	10	7	21	25	50	4.8	2	16	92.96	34.71	15	123	38	36	4	69	122
905	2005	10	8	3	50	40	7.3	1	20	73.588	34.539	20	358	29	140	124	72	67
906	2005	10	8	3	50	51	7.6	2.9	20	73.47	34.38	12	334	40	123	114	57	65
907	2005	10	8	10	46	28	6.2	2.3	18	73.1	34.733	7	317	46	71	164	47	109
908	2005	10	8	10	46	34	6.4	5.4	18	73.12	34.7	12	328	39	107	127	53	77
909	2005	10	8	12	8	31	5.6	3.7	17	73.06	34.58	14.3	321	31	108	121	60	80
910	2005	10	8	12	25	20	5.7	4.5	17	73.34	34.62	17.2	96	47	55	321	53	122
911	2005	10	8	21	13	32	5.7	4.1	17	73.199	34.71	5	344	44	96	157	47	85
912	2005	10	8	21	13	34	5.5	2.5	17	73.1	34.68	12	8	41	118	153	54	68
913	2005	10	8	21	45	12	5.4	1.4	17	73.06	34.6	12	338	33	121	122	62	71
914	2005	10	8	22	4	30	4.9	3.1	16	72.86	34.69	12	279	25	33	159	77	112
915	2005	10	8	22	53	45	4.8	2	16	73.17	34.93	12	354	23	116	145	69	79
916	2005	10	9	4	58	56	5	3.7	16	72.94	34.7	12	282	28	87	105	62	92
917	2005	10	9	7	9	21	5.3	1.3	17	73.01	34.57	12	315	29	104	119	62	82
918	2005	10	9	8	30	1	5.6	3	17	73.182	34.67	10	162	44	103	323	47	77
919	2005	10	9	8	30	6	5.7	4	17	73.13	34.65	12	344	37	121	127	59	69
920	2005	10	9	8	59	37	4.8	1.9	16	72.86	34.64	12	279	21	42	150	76	106
921	2005	10	9	9	22	34	4.9	2.6	16	73.26	34.6	12	151	62	154	254	67	31
922	2005	10	9	11	21	45	5	3.7	16	73.02	34.55	15.7	328	22	130	105	73	75
923	2005	10	9	12	38	14	4.9	3	16	73.03	34.74	12	284	38	107	82	54	77
924	2005	10	9	19	20	39	5.3	1.3	17	73.58	34.33	12	286	37	104	89	54	79
925	2005	10	9	19	47	0	4.9	2.6	16	72.87	34.62	17	257	47	63	114	49	116
926	2005	10	10	12	38	11	4.9	2.9	16	73.26	34.65	12	307	43	137	71	62	56
927	2005	10	12	20	23	37	5.3	9.6	16	73.101	34.779	10	152	41	100	318	50	81
928	2005	10	12	20	23	43	5.3	1	17	73.08	34.88	12	315	42	97	126	49	84
929	2005	10	13	20	49	26	4.9	2.9	16	73.1	34.69	13.6	349	40	122	131	57	66
930	2005	10	14	19	37	48	4.8	2	16	73	34.91	20.4	117	33	49	344	66	113
931	2005	10	17	10	43	10	4.9	2.9	16	73.08	34.81	21.2	314	40	104	116	51	79
932	2005	10	18	21	20	7	5	4.1	16	73.09	34.72	12	299	32	103	104	59	82
933	2005	10	19	2	33	28	5.5	2.3	17	73.037	34.751	6	317	37	88	140	53	92
934	2005	10	19	2	33	33	5.6	3.3	17	73.05	34.76	12	303	31	105	106	60	81
935	2005	10	19	3	16	26	5.4	1.5	17	73.14	34.78	12	308	44	103	110	47	78
936	2005	10	19	12	47	32	5.1	6.4	16	72.73	34.98	12	306	33	56	165	63	110
937	2005	10	21	8	4	2	5	3.4	16	67.29	32.03	15	305	74	-170	212	80	-16
938	2005	10	23	15	4	20	5.2	9.3	16	73.042	34.854	8	316	47	64	172	49	115
939	2005	10	23	15	4	22	5.5	1.9	17	73.03	34.74	12	307	32	110	105	60	78
940	2005	10	23	19	28	27	4.8	1.8	16	73.11	34.75	12	293	34	123	75	62	70
941	2005	10	24	13	14	14	4.8	2	16	73.18	34.76	16.9	68	43	54	292	57	118
942	2005	10	26	1	42	44	4.8	1.7	16	73.85	34.11	21.9	266	32	41	140	70	115
943	2005	10	28	21	34	14	5.2	7.3	16	73.196	34.661	7	156	43	85	343	47	95
944	2005	10	28	21	34	18	5.2	7.2	16	73.15	34.64	12	357	38	132	129	63	63
945	2005	10	29	16	52	54	4.8	1.8	16	89.14	34.01	31.3	241	58	-35	351	61	-142
946	2005	10	31	5	51	18	4.7	1.5	16	81.28	29.39	47	8	52	176	100	87	39
947	2005	10	31	21	47	59	4.7	1.5	16	84.88	28.38	22.5	120	42	97	291	48	84
948	2005	11	6	2	11	56	5.1	6.1	16	73.2	34.51	13	274	14	34	151	82	102
949	2005	11	20	5	35	6	4.8	2.3	16	73.12	34.68	20.5	345	42	106	144	50	76
950	2005	11	21	8	26	11	5.1	5.6	16	73.126	34.65	16	129	35	118	276	59	72
951	2005	11	21	8	26	14	5.2	7.5	16	73.19	34.67	12	341	55	159	83	73	37
952	2005	12	1	15	38	29	4.7	1.6	16	73.14	34.79	13.2	104	41	103	268	50	79
953	2005	12	12	21	47	46	6.5	7.5	18	71.093	36.357	17	278	40	102	83	51	80
954	2005	12	12	21	47	48	6.5	8.2	18	71.06	36.45	10.2	279	40	106	80	52	77
955	2005	12	14	7	9	54	5.1	5.7	16	78.83	30.12	34.2	293	23	86	117	67	92
956	2005	12	25	8	2	10	5.2	8.5	16	73.2	34.65	15.2	5	10	170	105	88	80
957	2005	12	28	22	4	36	5.1	6.2	16	73.15	34.84	28.6	12	71	-174	281	84	-19
958	2005	12	29	7	20	57	5.1	4.9	16	96.29	24.74	18.5	104	72	-1	195	89	-162
959	2006	1	18	0	23	52	4.9	2.6	16	87.82	34.47	12	332	34	-142	210	70	-62
960	2006	2	1	22	24	14	4.7	1.6	16	80.31	30.06	30.7	156	54	-141	41	59	-43
961	2006	2	2	21	49	3	4.9	3.1	16	73.18	34.83	18.8	160	42	120	302	54	66
962	2006	2	3	1	57	51	4.7	1.6	16	86.7	26.94	30.9	279	30	91	98	60	90
963	2006	2	8	12	57	31	4.8	2.2	16	72.99	34.75	33.1	306	33	84	133	57	94
964	2006	2	14	0	55	28	5.3	1.1	17	88.64	27.22	19.2	287	27	126	68	68	73
965	2006	2	15	1	55	6	4.9	2.4	16	81.47	33.7	30.5	210	50	-49	336	55	-128
966	2006	2	21	15	10	22	4.9	2.6	16	95.13	31.75	14.5	70	36	-13	171	82	-125
967	2006	2	23	20	4	53	5.8	5.4	17	91.705	26.912	14	315	86	-177	225	87	-4
968	2006	2	23	20	4	58	5.5	1.9	17	91.94	26.91	12	321	73	-173	229	84	-18
969	2006	2	26	2	13	50	5.4	1.6	17	89.598	35.28	7	191	27	-106	29	65	-82
970	2006	2	26	2	13	57	5.4	1.8	17	89.67	35.36	12	158	61	-150	52	64	-33
971	2006	3	1	9	36	46	5.1	5.5	16	89.67	35.4	18.6	60	50	-31	171	67	-136
972	2006	3	2	17	17	2	4.9	2.7	16	94.42	24.22	69.3	251	70	5	159	85	160
973	2006	3	7	18	20	46	5.5	2.2	17	70.899	23.777	18	129	70	177	220	87	20
974	2006	3	7	18	20	48	5.5	1.9	17	70.77	23.72	12	224	76	0	134	90	166
975	2006	3	10	7	50	16	4.9	3.2	16	73.51	32.62	24.7	246	21	61	96	71	101
976	2006	3	19	2	49	4	4.9	3.1	16	73.03	34.69	22.7	319	35	91	138	55	89
977	2006	3	20	17	40	44	5.2	6.8	16	73.747	34.756	9	231	44	82	62	46	97
978	2006	3	20	17	40	49	5.2	7.3	16	73.57	34.75	12	185	47	32	72	67	132
979	2006	3	21	6	52	7	5.1	5	16	68.27	29.28	12	314	30	125	95	66	72
980	2006	3	21	7	8	18	4.8	2.2	16	67.94	29.28	18.8	271	21	46	136	75	105
981	2006	3	25	20	13	36	5.1	5.9	16	93.91	23.33	46	142	76	-176	51	86	-14
982	2006	3	29	23	38	54	5.3	1.2	17	95.62	35.53	24.3	297	73	11	204	79	163
983	2006	4	4	9	12	22	4.6	1	16	73.22	34.52	12	98	44	57	320	54	117
984	2006	4	6	12	2	55	5	3.5	16	70.64	23.68	12	245	31	48	111	67	112
985	2006	4	6	17	59	16	5.5	1.9	17	70.477	23.322	14	247	51	9	152	83	141
986	2006	4	6	17	59	21	5.5	2.5	17	70.35	23.25	30.2	238	67	8	145	83	157
987	2006	4	14	9	27	40	5.6	3.3	17	89.669	35.314	5	52	44	-92	234	46	-88
988	2006	4	14	9	27	47	5.6	3.2	17	89.74	35.46	17.7	353	49	-137	231	59	-50
989	2006	4	19	21	5	43	5.7	4.2	17	90.67	31.61	23.2	325	80	-179	235	89	-10
990	2006	4	28	18	1	28	4.9	2.9	16	80.62	41.74	20.8	251	37	90	72	53	90
991	2006	5	11	17	22	51	5.4	1.6	17	94.307	23.309	30	229	38	70	74	54	105
992	2006	5	11	17	22	59	5.6	2.7	17	94.3	23.31	33.7	15	42	102	180	49	80
993	2006	5	30	19	43	47	4.9	3.2	16	92.04	20.54	21	63	85	-2	153	88	-175
994	2006	6	8	11	34	59	4.9	2.4	16	77.64	40.53	30.2	290	35	113	82	58	74
995	2006	6	23	5	34	8	4.8	1.9	16	70.26	23.36	20.8	288	35	118	75	60	72
996	2006	7	6	3	57	50	5.7	4.9	17	71.836	39.119	15	289	83	176	20	86	7
997	2006	7	6	3	57	55	5.8	5.6	17	71.7	39.22	12.9	283	59	146	32	62	36
998	2006	7	17	20	41	56	5.2	8.6	16	96.4	33.07	22.1	297	70	-1	27	89	-160
999	2006	7	19	9	53	8	5.5	2.3	17	96.27	33.06	24.6	302	64	4	210	86	154
1000	2006	7	23	12	44	34	4.8	2.3	16	96.17	32.99	27	11	75	-168	278	78	-15
1001	2006	7	29	0	11	51	5.4	1.5	17	68.828	37.255	25	178	42	107	336	50	75
1002	2006	7	29	0	11	55	5.6	2.8	17	68.56	37.36	12	358	42	91	177	48	89
1003	2006	7	29	10	57	15	5.4	1.5	17	68.808	37.13	4	344	41	94	159	49	87
1004	2006	7	29	10	57	19	5.4	1.7	17	68.54	37.38	12	0	41	101	166	50	81
1005	2006	8	6	14	26	19	5.6	3.4	17	74.733	37.367	14	136	83	-179	46	89	-7
1006	2006	8	6	14	26	23	5.6	3.1	17	74.67	37.57	24	126	83	-175	35	85	-7
1007	2006	8	12	20	46	12	5	3.9	16	92.86	24.59	32.7	255	61	20	156	73	149
1008	2006	8	30	8	5	49	4.8	2.3	16	77.43	39.47	21.5	296	78	-178	205	88	-12
1009	2006	9	1	20	8	6	4.8	1.9	16	89.62	35.35	23.6	12	39	-105	211	53	-78
1010	2006	9	6	7	51	47	4.7	1.5	16	76.87	40.2	31.8	258	37	91	77	53	90
1011	2006	9	11	18	12	22	5.3	1	17	78.225	35.472	8	253	48	-62	34	49	-118
1012	2006	9	11	18	12	28	5.5	2.2	17	78.09	35.62	18.9	260	68	-21	358	71	-157
1013	2006	11	3	14	43	12	5	3.7	16	93.26	21.99	34.5	216	70	2	126	88	160
1014	2006	11	8	2	21	31	4.8	2.1	16	75.32	42.65	23.8	84	40	97	255	50	84
1015	2006	11	10	13	21	28	4.9	3	16	92.61	24.61	31.8	141	46	154	249	72	47
1016	2006	11	23	11	4	47	5.1	5	16	83.47	44.26	30.4	231	39	52	96	61	116
1017	2006	12	24	1	58	34	5	4.2	16	74.56	39.83	17.3	299	51	130	66	54	52
1018	2006	12	25	20	1	0	5.8	7.2	17	76.163	42.156	5	58	10	61	267	81	95
1019	2006	12	25	20	1	4	5.8	7	17	76.06	42.17	18.8	30	37	34	272	70	122
1020	2007	1	8	17	21	49	6	1.3	18	70.312	39.803	16	193	77	4	102	86	167
1021	2007	1	8	17	21	54	6	1.4	18	70.17	39.85	22.8	187	65	13	91	78	155
1022	2007	1	15	11	24	38	5	3.6	16	65.46	35.68	19.2	89	82	173	180	83	8
1023	2007	1	31	10	52	37	5.2	7.7	16	70.04	39.82	19.8	199	47	61	57	50	117
1024	2007	2	2	22	2	48	5.2	7.6	16	71.12	39.15	16.6	213	45	58	75	53	118
1025	2007	2	2	22	32	18	5.3	1.3	17	91.768	37.688	14	268	38	62	123	57	111
1026	2007	2	2	22	32	23	5.4	1.5	17	91.85	37.87	20.2	111	45	114	258	49	67
1027	2007	2	11	4	39	17	5.1	5.2	16	73	36.79	26.5	141	53	-135	19	56	-47
1028	2007	2	25	1	49	42	5.3	1.3	17	90.63	33.1	20.5	66	67	-19	164	73	-156
1029	2007	3	12	12	44	47	4.9	3.2	16	69.16	36.75	21.1	225	42	88	48	48	92
1030	2007	3	15	18	30	8	5	4	16	89.49	35.5	18.6	41	46	-51	172	56	-123
1031	2007	3	16	21	51	22	5	4.7	16	89.5	35.56	16.5	41	45	-47	168	59	-124
1032	2007	4	3	3	35	7	6.2	2.6	18	70.688	36.451	19	31	36	136	160	66	62
1033	2007	4	3	3	35	10	6.2	2.9	18	70.62	36.53	23.2	30	32	141	155	71	64
1034	2007	4	9	16	23	38	4.9	3.1	16	89.51	35.5	20.8	36	47	-56	171	53	-121
1035	2007	4	15	13	59	32	5	3.5	16	72.62	39.5	17.8	223	49	52	93	53	126
1036	2007	4	15	22	20	14	4.9	2.7	16	74.81	39.6	26.4	131	71	-179	41	89	-19
1037	2007	5	5	8	51	39	5.8	6.5	17	81.967	34.248	7	152	46	-131	24	57	-56
1038	2007	5	5	8	51	48	6.1	1.5	18	81.97	34.33	23.9	220	88	2	130	88	178
1039	2007	5	5	17	38	21	5	3.6	16	90.03	34.67	24.5	347	74	179	77	89	16
1040	2007	5	7	5	58	36	5	3.8	16	94.58	23.02	97.3	229	69	13	134	77	159
1041	2007	5	7	11	59	52	5.5	2	17	97.95	31.44	14.5	210	73	-173	118	84	-17
1042	2007	5	20	14	18	21	4.9	2.5	16	88.56	27.23	13.6	204	58	-4	296	86	-148
1043	2007	6	6	11	9	29	5	3.8	16	75.36	42.71	28.3	89	38	86	274	52	93
1044	2007	6	22	4	51	29	5.2	7.9	16	68.903	37.296	16	59	7	154	175	87	83
1045	2007	6	22	4	51	31	5.3	1.2	17	68.41	37.27	31	299	14	30	180	83	102
1046	2007	6	29	23	23	57	5.2	8.9	16	96.79	25.4	14.1	105	82	-4	196	86	-172
1047	2007	7	20	10	6	52	5.5	2.5	17	82.378	42.913	6	320	45	160	65	76	47
1048	2007	7	20	10	6	55	5.6	2.7	17	82.38	42.93	25.3	324	66	175	55	86	24
1049	2007	7	21	22	44	16	5.2	8.3	16	70.17	38.98	12.4	185	51	35	71	63	135
1050	2007	7	25	6	21	32	5	3.5	16	70.26	36.04	31.2	260	36	64	111	58	108
1051	2007	7	31	2	47	11	4.9	3.3	16	71.24	39.25	17.5	50	41	83	239	49	96
1052	2007	8	8	0	37	7	5.1	5.6	16	71.32	37.01	26.9	309	34	-8	45	86	-124
1053	2007	9	9	2	0	42	5.3	1.1	17	69.97	30.43	12	172	80	2	82	88	170
1054	2007	10	19	7	19	54	5.4	1.5	17	66.29	28.65	21	12	89	4	282	86	179
1055	2007	10	19	7	19	53	5.5	1.9	17	66.14	28.38	16.6	197	86	-2	287	88	-176
1056	2007	10	26	6	50	10	5.2	6.7	16	76.62	35.27	12	274	66	-10	8	80	-156
1057	2007	11	6	2	15	51	5.5	2	17	72.95	38.5	25.6	85	65	-174	352	84	-25
1058	2007	11	6	9	38	7	5.1	5.5	16	70.49	21.04	12	324	65	172	58	83	25
1059	2007	11	7	7	10	24	5.5	2	17	92.5	22.15	25	251	81	-7	343	83	-171
1060	2007	11	25	13	53	48	5.1	5.5	16	69.72	29.53	12	230	30	75	67	61	98
1061	2007	12	2	11	57	7	5.2	6.8	16	70.89	36.61	40.9	221	8	124	7	83	85
1062	2007	12	7	6	56	33	5	3.8	16	94.66	23.46	8.7	135	42	120	277	54	65
1063	2007	12	11	15	56	41	5.1	4.9	16	77.53	35.06	20.5	263	53	-13	1	79	-143
1064	2007	12	18	5	56	18	4.9	3.1	16	70.02	30.48	13	164	73	3	74	88	163
1065	2007	12	26	4	45	32	5.1	5.8	16	73.05	40.34	24.8	273	43	72	117	49	106
1066	2007	12	30	9	55	30	5	3.9	16	84.51	36.44	24.4	236	64	0	146	90	154
1067	2007	12	31	18	23	38	5	3.8	16	71.97	41.11	19.6	299	37	110	94	56	75
1068	2008	1	1	6	32	27	5.5	2	17	72.985	40.288	6	250	41	71	95	52	106
1069	2008	1	1	6	32	32	5.6	2.9	17	72.9	40.34	19.5	265	38	82	95	53	96
1070	2008	1	9	8	26	45	6.3	3	18	85.166	32.288	7	349	53	-113	204	43	-63
1071	2008	1	9	8	26	52	6.4	5	18	85.32	32.3	13.3	206	46	-75	6	46	-105
1072	2008	1	12	22	44	46	4.9	2.6	16	92.36	22.65	17.7	353	35	104	157	56	81
1073	2008	1	14	3	21	46	4.9	2.9	16	85.25	32.33	14.1	34	45	-67	183	50	-111
1074	2008	1	16	11	54	44	5.7	4.1	17	85.158	32.331	5	352	52	-125	220	50	-54
1075	2008	1	16	11	54	51	5.9	8.7	17	85.29	32.35	12	23	44	-87	198	46	-93
1076	2008	1	17	7	9	59	4.9	3.1	16	85.26	32.42	18.3	7	31	-115	215	62	-75
1077	2008	1	19	19	25	1	5.2	7.2	16	70.55	36.47	99.2	285	20	93	101	70	89
1078	2008	1	22	18	43	37	5.5	1.9	17	85.22	32.31	12.6	45	35	-60	190	60	-109
1079	2008	2	23	4	41	19	4.9	2.6	16	70.69	36.45	94.3	292	20	123	77	73	79
1080	2008	3	20	22	33	12	7.1	5.4	19	81.37	35.43	12	358	41	-110	203	52	-74
1081	2008	3	21	6	16	7	5.2	9.2	16	81.65	35.89	29.9	199	40	-62	344	55	-112
1082	2008	3	21	12	3	0	5.2	7.3	16	81.43	35.39	19.5	200	40	-73	358	52	-104
1083	2008	3	21	12	37	0	5.1	6	16	97.81	24.54	18.1	348	82	179	79	89	8
1084	2008	3	21	20	52	17	5	3.5	16	81.16	35.09	27.8	222	56	-21	324	73	-145
1085	2008	3	23	20	56	18	5.1	5.8	16	81.65	35.86	16.1	206	47	-46	331	58	-126
1086	2008	3	24	7	58	36	5.1	5	16	81.64	35.8	27.5	224	67	7	131	83	157
1087	2008	3	26	10	39	32	5.2	7.7	16	81.66	35.85	17.7	141	80	172	233	82	10
1088	2008	4	10	7	17	21	5	4.1	16	75.05	39.48	12.7	302	45	119	84	52	64
1089	2008	4	18	3	1	56	5	3.8	16	81.29	35.28	35.3	128	73	177	219	87	17
1090	2008	4	25	12	3	55	5	3.5	16	85.42	32.65	26.6	328	60	-173	235	84	-30
1091	2008	5	6	5	25	38	4.9	2.7	16	81.28	35.23	17.3	190	34	-71	347	58	-102
1092	2008	5	11	20	57	8	5.3	1.3	17	70.748	36.408	8	294	22	107	96	69	83
1093	2008	5	11	20	57	9	5.4	1.5	17	70.62	36.38	17.8	282	22	103	88	68	85
1094	2008	6	8	17	56	24	5.2	7.4	16	92.19	33.08	18.5	154	63	-155	52	68	-29
1095	2008	6	8	18	24	48	5.1	5.2	16	85.32	32.4	20.6	354	41	-114	204	53	-70
1096	2008	6	10	10	5	3	5.4	1.7	17	92.25	33.13	16.5	160	57	-146	49	62	-38
1097	2008	6	10	11	4	18	5.1	5.6	16	92.22	33.04	14.3	168	49	-142	51	63	-48
1098	2008	6	10	11	36	47	4.9	2.9	16	92.23	33.18	15.5	242	53	-27	349	69	-140
1099	2008	6	10	14	15	44	5.3	9.6	16	92.22	33.07	13	170	47	-131	42	57	-55
1100	2008	6	18	5	23	34	5.4	1.8	17	91.33	35.31	22.5	252	88	0	162	90	178
1101	2008	6	18	8	12	18	5.2	7.1	16	92.21	33.09	18.7	154	62	-156	52	69	-31
1102	2008	6	19	22	36	59	4.9	3	16	92.19	33.13	18.3	65	67	-16	161	75	-157
1103	2008	6	29	8	41	59	5	4	16	88.2	35.73	34.3	341	76	177	71	87	14
1104	2008	6	29	12	47	26	5.4	1.7	17	88.307	35.658	14	80	88	2	350	88	178
1105	2008	6	29	12	47	31	5.5	2.3	17	88.44	35.76	18.1	259	82	-4	349	86	-172
1106	2008	7	2	20	22	59	5.2	8.5	16	88.36	35.72	17.5	250	82	-8	341	82	-172
1107	2008	7	7	2	50	39	4.9	2.5	16	95.34	25.95	70	137	45	135	262	60	55
1108	2008	7	8	16	8	31	5	4.1	16	72.89	39.47	12	216	39	57	76	58	114
1109	2008	7	11	2	3	45	4.8	1.7	16	69.41	35.46	21.6	190	43	88	13	47	92
1110	2008	7	16	22	58	24	5.3	1.3	17	92.24	33.15	16.6	159	68	-160	61	71	-23
1111	2008	7	18	12	47	6	4.9	3.3	16	87.26	37.85	20.2	229	76	9	137	81	166
1112	2008	8	1	1	29	30	4.8	2	16	71.21	41.52	17.6	212	47	67	63	48	112
1113	2008	8	5	21	59	49	5	4.6	16	92.22	33.13	15.3	49	60	-27	153	67	-147
1114	2008	8	8	21	49	2	4.8	2.3	16	83.92	31.7	21	334	70	-165	239	75	-21
1115	2008	8	10	17	57	27	4.8	2	16	92.2	33.13	23.4	49	49	-51	179	54	-126
1116	2008	8	10	22	53	58	4.9	2.4	16	92.02	32.16	19	59	71	-10	152	81	-160
1117	2008	8	12	5	25	37	5	4.6	16	71.06	36.32	10.3	319	37	-1	49	89	-127
1118	2008	8	18	14	11	10	5.3	9.5	16	91.93	33.65	23.2	170	84	-178	79	88	-6
1119	2008	8	19	21	35	16	5	4	16	98.03	25.09	18.7	21	42	-117	235	53	-68
1120	2008	8	21	12	24	30	6	1.1	18	97.697	25.039	1	295	34	0	205	90	124
1121	2008	8	21	12	24	35	6	1.3	18	97.99	24.92	18.2	7	80	178	97	88	10
1122	2008	8	25	13	21	58	6.6	8.6	18	83.52	30.901	25	29	51	-46	152	56	-131
1123	2008	8	25	13	22	8	6.7	1.4	19	83.51	30.61	17.3	30	48	-48	157	56	-127
1124	2008	8	25	19	13	56	5.1	5.5	16	83.48	30.41	19.2	158	41	-114	8	54	-71
1125	2008	8	25	20	40	49	5	3.6	16	83.72	30.85	23.7	225	68	-19	322	72	-156
1126	2008	8	26	7	46	58	4.9	2.6	16	91.51	31.69	21.4	150	82	-179	60	89	-8
1127	2008	8	29	9	43	20	4.9	2.6	16	83.52	30.58	17.9	171	39	-90	351	51	-90
1128	2008	8	30	12	46	49	5.3	1.1	17	83.96	42.79	12.8	265	39	118	50	57	69
1129	2008	8	30	21	31	17	5	4.6	16	83.67	30.73	22.2	209	74	-15	303	76	-163
1130	2008	9	3	6	27	26	5	3.6	16	98.02	24.84	18.4	276	84	0	186	90	174
1131	2008	9	4	12	53	14	5	3.8	16	80.24	30.08	22.9	333	59	-163	234	75	-32
1132	2008	9	5	4	57	52	5.3	1.1	17	71.291	36.536	19	26	74	102	168	20	53
1133	2008	9	5	4	57	53	5.4	1.6	17	71.12	36.52	24.9	205	26	72	44	65	98
1134	2008	9	6	5	47	39	5.8	5.5	17	70.934	36.487	92	92	19	110	251	73	83
1135	2008	9	6	5	47	41	5.8	7.1	17	70.78	36.49	83	85	18	104	250	72	85
1136	2008	9	10	1	14	38	5.3	1.2	17	83.71	30.79	20.3	206	77	-12	298	79	-166
1137	2008	9	10	1	28	12	5.4	1.6	17	83.64	30.69	19.6	317	68	-163	221	74	-23
1138	2008	9	20	2	54	38	5.3	9.7	16	73.23	38.3	46.4	347	54	-23	91	72	-141
1139	2008	9	24	17	59	35	5.2	8.5	16	71.12	36.1	7.1	238	46	141	358	63	51
1140	2008	9	25	1	47	11	5.8	5.5	17	83.487	30.836	9	297	86	-165	206	75	-5
1141	2008	9	25	1	47	17	6	1.1	18	83.69	30.66	21.2	208	75	-13	302	77	-165
1142	2008	9	25	20	17	30	4.9	2.7	16	83.71	30.72	23.2	204	62	-12	300	79	-152
1143	2008	10	5	15	53	1	6.7	1.4	19	73.64	39.5	12	246	38	78	82	53	99
1144	2008	10	5	22	56	28	5.8	5.7	17	69.47	33.886	9	211	82	9	120	81	172
1145	2008	10	5	22	56	31	6	1.1	18	69.48	33.91	16.6	218	80	-8	310	82	-170
1146	2008	10	6	8	30	45	6.1	1.9	18	90.35	29.807	7	35	45	-67	184	49	-111
1147	2008	10	6	8	30	52	6.3	3.7	18	90.5	29.66	12	44	48	-55	178	53	-122
1148	2008	10	6	12	10	38	5.2	8.3	16	90.53	29.56	13.6	173	43	-121	33	54	-64
1149	2008	10	8	14	7	16	5.4	1.4	17	90.328	29.757	2	33	45	-86	208	45	-94
1150	2008	10	8	14	7	22	5.5	1.9	17	90.57	29.76	14.7	69	62	-25	171	68	-150
1151	2008	10	13	8	7	47	5.3	9.9	16	70.71	36.17	23.1	284	57	147	34	63	38
1152	2008	10	13	9	23	34	5.1	5.5	16	73.88	39.54	21.1	218	72	2	128	88	162
1153	2008	10	13	16	5	25	5.2	7.4	16	73.69	39.5	12	205	40	29	92	72	126
1154	2008	10	13	17	16	14	5.2	9.1	16	70.1	38.8	22.3	47	28	128	186	68	72
1155	2008	10	20	14	26	35	5	4.1	16	91.32	35.26	22.9	341	86	-177	251	87	-4
1156	2008	10	20	15	8	49	4.8	2.1	16	92.8	33.69	21.3	185	86	-179	95	89	-4
1157	2008	10	23	5	50	47	4.9	2.4	16	73.73	39.52	20	76	44	109	230	49	73
1158	2008	10	26	1	28	56	5.7	4.4	17	70.683	36.49	1	308	20	118	99	72	80
1159	2008	10	26	1	28	58	5.7	5	17	70.46	36.44	99.7	273	18	87	97	72	91
1160	2008	10	28	22	33	12	5.3	1.1	17	67.43	30.47	16.6	229	63	22	128	70	151
1161	2008	10	28	23	9	57	6.3	3.4	18	67.351	30.639	14	39	78	5	307	85	168
1162	2008	10	28	23	10	2	6.4	5.1	18	67.48	30.4	17.2	304	73	171	37	81	18
1163	2008	10	29	11	32	43	6.2	2.6	18	67.455	30.598	19	324	90	-177	234	87	0
1164	2008	10	29	11	32	48	6.4	5.4	18	67.57	30.29	12	324	68	-178	233	88	-22
1165	2008	11	3	16	8	18	4.9	3	16	67.63	30.31	20.3	285	43	108	82	50	74
1166	2008	11	6	14	23	50	4.9	3.3	16	73.98	39.61	15.7	258	28	132	32	69	70
1167	2008	11	10	1	22	2	6.1	1.6	18	95.833	37.565	17	265	29	76	101	61	98
1168	2008	11	10	1	22	10	6.3	4.1	18	95.75	37.51	27.2	252	28	57	108	67	106
1169	2008	11	11	21	56	4	5.1	5.5	16	95.82	37.52	23.9	357	41	158	104	76	51
1170	2008	11	12	12	9	36	4.9	2.7	16	95.93	37.58	21.6	307	37	88	129	53	91
1171	2008	11	15	15	21	11	4.8	2.3	16	67.56	30.31	19.6	28	78	-10	120	80	-167
1172	2008	12	8	8	59	12	5.3	9.9	16	82.01	29.65	19.5	230	62	-17	328	75	-151
1173	2008	12	9	2	46	35	5.2	8.6	16	67.48	30.32	16.5	64	79	7	333	83	169
1174	2008	12	9	5	53	45	5.3	1.3	17	67.5	30.31	15.4	63	73	11	330	80	163
1175	2008	12	9	22	52	37	5.5	2	17	67.404	30.442	7	61	83	4	330	86	173
1176	2008	12	9	22	52	39	5.7	4	17	67.51	30.33	15.9	62	75	0	152	90	-165
1177	2008	12	11	13	16	15	4.9	3.1	16	81.31	35.32	24.9	209	46	-66	355	49	-114
1178	2008	12	20	23	22	51	5.3	1	17	96.09	22.65	14.8	359	79	172	90	82	11
1179	2008	12	21	22	38	35	5	3.4	16	71.41	36.02	1	8	51	52	239	53	127
1180	2008	12	25	20	20	49	4.8	2.3	16	97.86	23.97	17.3	353	76	174	84	84	14
1181	2008	12	29	3	37	41	5.8	5.9	17	71.075	36.389	59	272	60	97	79	30	79
1182	2008	12	29	3	37	43	5.8	6.7	17	70.91	36.48	54.7	92	29	94	267	61	88
1183	2009	1	3	20	23	23	6.6	9.2	18	70.36	36.44	5.6	264	28	77	99	63	97
1184	2009	1	4	23	12	59	5.6	3.4	17	70.883	36.442	95	296	41	128	70	59	62
1185	2009	1	4	23	13	1	5.7	4	17	70.65	36.46	89.9	282	35	131	55	65	66
1186	2009	1	25	1	47	50	5.1	4.9	16	80.92	43.41	27.8	69	41	77	267	50	102
1187	2009	1	25	21	16	24	5	3.4	16	72.04	38.67	29.4	291	66	-178	200	89	-24
1188	2009	2	2	8	36	49	5.1	6	16	66.37	26.98	21.3	189	81	-6	280	84	-171
1189	2009	2	18	10	11	42	5.1	5	16	83.95	30.43	20	206	68	3	115	87	158
1190	2009	2	20	3	48	48	5.4	1.4	17	73.9	34.203	7	300	26	72	140	65	99
1191	2009	2	20	3	48	53	5.5	2.4	17	73.79	34.14	17.6	308	21	99	118	70	87
1192	2009	2	20	10	2	32	5.3	9.5	16	78.63	40.74	16.6	262	36	91	81	54	89
1193	2009	2	28	8	43	42	4.9	2.4	16	81.39	35.57	22.5	345	51	-131	219	54	-51
1194	2009	3	3	14	22	15	5.1	6.3	16	71.38	38.39	19.7	230	64	-21	329	71	-152
1195	2009	3	17	23	14	48	5	4.6	16	67.42	25.84	12	214	45	106	12	47	75
1196	2009	4	1	2	34	42	5	3.8	16	82.47	33.73	20.9	342	46	-119	201	51	-63
1197	2009	4	9	1	47	2	5.1	6.2	16	70.64	26.99	38.8	153	60	179	243	89	30
1198	2009	4	16	21	27	52	5.2	7.3	16	70.11	34.14	12	218	31	69	63	61	103
1199	2009	4	19	4	8	20	5.4	1.4	17	78.32	41.29	25.9	217	87	0	127	90	177
1200	2009	4	22	9	26	6	5	4.7	16	77.27	40.21	15.9	264	50	124	38	51	57
1201	2009	4	26	23	54	15	4.9	3.1	16	72.62	41.06	36.2	11	28	63	221	65	103
1202	2009	4	27	20	4	15	5	4.5	16	72.35	42.9	19.9	239	47	62	98	50	117
1203	2009	4	29	18	53	11	4.8	1.8	16	71.26	41.62	19.7	223	42	82	54	49	97
1204	2009	5	10	17	34	11	5	3.7	16	67.72	38.43	24	198	33	91	17	57	89
1205	2009	5	21	12	33	58	5.1	5.5	16	77.62	36.28	14	252	44	71	97	49	107
1206	2009	6	4	2	54	54	5	3.5	16	81.82	32.79	26.6	211	70	-13	305	78	-160
1207	2009	6	6	9	44	42	4.9	3.2	16	86.43	30.99	31.9	218	76	-9	311	81	-166
1208	2009	6	13	17	17	37	5.3	1.3	17	78.866	44.725	7	269	59	107	58	35	64
1209	2009	6	13	17	17	40	5.4	1.6	17	78.83	44.77	12.4	276	53	133	39	55	48
1210	2009	6	21	4	46	28	4.9	3.2	16	90.31	36.05	18.2	349	85	-175	259	85	-5
1211	2009	7	1	0	29	26	5.2	6.8	16	73.47	39.66	18.6	35	84	1	305	89	174
1212	2009	7	2	23	50	54	5	3.7	16	71.52	37.4	31.6	309	49	5	215	86	139
1213	2009	7	5	9	45	50	5.3	1	17	71.03	36.43	46	239	30	144	1	73	65
1214	2009	7	24	3	11	56	5.5	2.5	17	85.902	31.158	8	231	84	-14	323	76	-174
1215	2009	7	24	3	12	2	5.8	6.4	17	86.1	31.05	28.1	318	74	-172	226	83	-16
1216	2009	7	27	6	23	52	5	4.1	16	73.01	34.93	25.9	338	34	130	113	65	67
1217	2009	8	9	4	2	11	5.1	5	16	81.58	35.76	18.3	226	43	-8	322	84	-133
1218	2009	8	11	21	43	47	5.5	2.1	17	94.793	24.323	99	246	60	55	121	44	135
1219	2009	8	11	21	43	49	5.5	2.1	17	94.77	24.25	15	119	45	139	241	62	53
1220	2009	8	26	7	26	42	4.9	2.4	16	70.5	39.09	22.4	83	79	178	174	88	11
1221	2009	8	28	1	52	6	6.2	2.5	18	95.718	37.696	5	325	29	116	116	64	76
1222	2009	8	28	1	52	12	6.3	3	18	95.76	37.64	12	295	31	102	101	60	83
1223	2009	8	28	16	28	43	5	3.7	16	95.76	37.75	17	56	80	-3	147	87	-170
1224	2009	8	30	17	15	52	5.4	1.5	17	95.57	37.66	16.8	272	45	118	55	51	64
1225	2009	8	30	19	27	51	5.3	1	17	95.06	25.13	78	261	52	32	150	65	138
1226	2009	8	31	10	15	29	5.7	3.8	17	95.831	37.606	3	296	36	99	104	54	83
1227	2009	8	31	10	15	34	5.8	5.6	17	95.86	37.59	12	277	33	90	98	57	90
1228	2009	8	31	22	27	54	4.8	2.1	16	95.93	37.62	12	107	45	94	281	45	86
1229	2009	9	3	19	51	6	5.8	6.7	17	94.669	24.332	1	266	65	58	142	40	139
1230	2009	9	3	19	51	10	5.9	8.8	17	94.73	24.29	15.5	144	46	152	255	70	48
1231	2009	9	10	0	20	14	4.8	1.7	16	95.85	37.63	15.7	282	35	99	91	55	84
1232	2009	9	19	4	17	58	5.1	5.2	16	70.61	36.46	97	289	18	90	108	72	90
1233	2009	9	21	8	53	5	6.1	1.6	18	91.437	27.332	7	12	4	-173	276	90	-86
1234	2009	9	21	8	53	10	6.1	1.9	18	91.63	27.2	12	281	6	94	97	84	90
1235	2009	9	21	19	38	42	5.6	3.2	17	94.793	20.404	73	235	21	6	140	88	111
1236	2009	9	21	19	38	44	5.7	4.3	17	94.87	20.14	74.2	227	33	2	136	89	123
1237	2009	9	28	2	43	25	4.8	2.1	16	95.9	35.82	24.4	178	61	178	269	88	29
1238	2009	9	29	6	1	18	5	4	16	83.55	30.56	21.1	36	56	-31	144	65	-142
1239	2009	10	2	13	49	11	5	4.4	16	96.12	39.62	20.3	194	82	180	284	90	8
1240	2009	10	13	12	47	20	5	4.3	16	70.71	38.76	19.6	47	86	3	317	87	176
1241	2009	10	16	2	56	39	5	4.1	16	77.03	39.9	18.8	284	32	116	74	62	75
1242	2009	10	16	19	29	15	4.9	3.2	16	92.34	35.17	20.6	309	79	179	40	89	11
1243	2009	10	22	19	51	27	6.2	2.2	18	70.95	36.517	84	88	42	96	261	49	85
1244	2009	10	22	19	51	28	6.1	2.1	18	70.82	36.51	81.5	83	41	99	252	49	82
1245	2009	10	25	11	40	52	5	3.9	16	80.25	34.94	17.6	353	62	178	84	88	28
1246	2009	10	29	17	0	40	5.1	6	16	91.62	27.2	15.1	293	7	107	96	83	88
1247	2009	10	29	17	44	32	6.2	2.4	18	70.722	36.391	10	297	26	85	122	64	92
1248	2009	10	29	17	44	35	6.2	2.8	18	70.66	36.39	19.4	282	25	75	119	66	97
1249	2009	11	4	21	56	13	5.1	5	16	95.83	37.65	14.5	313	52	151	62	68	42
1250	2009	11	7	20	8	46	5.4	1.5	17	86.008	29.49	6	358	52	-108	206	41	-68
1251	2009	11	7	20	8	54	5.5	2.5	17	86.28	29.31	18.8	178	43	-92	0	47	-88
1252	2009	11	20	7	17	1	5	4.6	16	83.71	30.6	18.9	115	46	-136	351	60	-53
1253	2009	11	26	0	15	3	4.9	3	16	81.38	35.39	25.8	222	49	-4	314	87	-139
1254	2009	12	6	4	33	21	5.2	8.1	16	77.23	35.72	10.7	348	19	158	99	83	73
1255	2009	12	12	16	22	10	4.8	2.1	16	66.56	28.28	17.8	198	66	-11	292	80	-156
1256	2009	12	13	14	41	56	4.9	2.8	16	91.74	21.87	12	345	40	94	160	51	87
1257	2009	12	21	5	15	13	5	4.2	16	96.68	37.57	22.1	122	43	112	273	51	71
1258	2009	12	29	9	1	55	5.6	2.7	17	94.807	24.357	4	89	22	114	244	70	81
1259	2009	12	29	9	1	55	5.6	3.6	17	94.84	24.31	25.1	124	41	143	244	66	55
1260	2010	1	1	2	22	27	5.2	7.6	16	83.91	30.43	16.4	207	71	10	114	81	161
1261	2010	1	2	2	15	11	5.4	1.7	17	71.41	38.4	14.2	232	58	-24	336	70	-146
1262	2010	1	16	5	44	28	4.9	2.7	16	88.25	35.66	25.8	324	84	179	54	89	6
1263	2010	2	20	21	7	29	4.8	2.3	16	94.63	23.14	4.8	231	46	67	83	49	112
1264	2010	2	23	12	13	29	4.9	2.4	16	91.3	35.3	23.9	343	85	176	74	86	5
1265	2010	2	26	4	42	42	5.1	6.1	16	86.77	28.41	84.5	12	69	-16	108	75	-158
1266	2010	2	27	23	21	12	5.7	4.8	17	69.96	35.75	15	295	24	106	98	67	83
1267	2010	3	2	1	55	40	5.1	5	16	75.74	42.54	25.5	199	38	-13	299	82	-128
1268	2010	3	10	14	32	25	5.1	5.8	16	86.94	36.47	20.7	160	83	179	250	89	7
1269	2010	3	12	23	19	55	5.5	2.2	17	94.623	23.062	87	135	45	173	230	85	45
1270	2010	3	12	23	19	57	5.5	2.2	17	94.62	22.99	14.7	103	32	142	227	71	64
1271	2010	3	15	20	17	19	4.9	3	16	82	30.53	22.5	297	71	-165	202	76	-19
1272	2010	3	23	15	2	6	5.1	6.1	16	74.66	37.5	19.4	25	58	-31	132	64	-144
1273	2010	3	23	15	51	23	5	3.5	16	74.7	37.65	24.1	212	61	-11	307	80	-151
1274	2010	3	24	2	6	10	5.5	2.6	17	92.708	32.509	5	68	66	-23	167	69	-155
1275	2010	3	24	2	6	16	5.7	4.5	17	92.89	32.37	17.8	162	74	-171	70	81	-16
1276	2010	3	24	2	44	53	5.4	1.8	17	92.92	32.37	19.1	157	80	-173	66	83	-10
1277	2010	4	13	21	40	1	4.9	2.8	16	96.71	33.08	27.4	209	71	-171	116	81	-19
1278	2010	4	13	23	49	38	6.7	1.3	19	96.548	33.165	16	298	88	4	208	86	178
1279	2010	4	13	23	49	45	6.9	2.5	19	96.79	33.05	15.7	210	67	178	300	88	23
1280	2010	4	14	1	25	17	6.1	1.6	18	96.53	33.18	17.9	296	65	2	205	89	155
1281	2010	4	17	0	59	0	5.3	1.1	17	92.84	32.38	17.3	168	67	-162	70	73	-24
1282	2010	4	18	20	28	50	5.4	1.7	17	67.658	35.633	13	83	77	-172	351	82	-14
1283	2010	4	18	20	28	52	5.6	2.9	17	67.49	35.83	17.1	174	86	2	84	88	176
1284	2010	4	28	16	48	38	4.9	2.4	16	96.6	33.12	25.4	182	79	178	273	89	11
1285	2010	5	29	2	29	48	5.6	3.7	17	96.07	33.165	15	78	79	-3	169	87	-169
1286	2010	5	29	2	29	54	5.8	5.6	17	96.28	33.2	20.8	75	88	1	345	89	178
1287	2010	6	3	5	35	44	5.5	2	17	96.28	33.23	23.9	178	80	177	268	87	10
1288	2010	6	3	20	47	7	5.1	6.4	16	96.25	33.24	24.4	171	82	-173	80	83	-8
1289	2010	6	4	11	49	41	5.1	5.6	16	70.17	36.501	15	211	32	27	97	76	119
1290	2010	6	4	11	49	44	5.1	5.7	16	69.97	36.55	13.9	230	14	43	97	81	100
1291	2010	6	5	16	59	17	5	3.8	16	66.04	27.87	22.3	196	83	6	105	84	173
1292	2010	6	6	16	42	43	4.9	2.4	16	96.27	33.18	18.1	262	78	5	171	85	168
1293	2010	6	10	6	38	5	5.1	4.9	16	74.846	39.865	20	67	54	62	289	44	123
1294	2010	6	10	6	38	9	5.2	7.6	16	74.93	39.75	41.5	261	35	99	70	55	84
